0, 67, 220, 67, 220, 67, 220, 67, 220, 68, 220, 68, 219, 68, 219, 68, 219, 68, 219, 67, 220, 66, 219, 66, 220, 65, 220, 65, 219, 64, 219, 64, 219, 64, 219, 63, 219, 63, 219, 63, 219, 63, 220, 62, 220, 62, 219, 62, 219, 62, 219, 62, 219, 62, 219, 61, 220, 61, 219, 61, 220, 61, 223, 61, 223, 60, 225, 60, 234, 59, 239, 58, 235, 58, 235, 58, 254, 58, 257, 58, 290, 58, 299, 58, 309, 58, 316, 58, 324, 58, 334, 58, 343, 58, 363, 58, 402, 57, 424, 52, 426, 49, 414, 41, 375, 35, 353, 22, 326, 11, 302, 6, 292, -2, 318, -4, 343, -4, 350, 0, 382, 
0, 24, 449, 29, 494, 30, 521, 30, 562, 28, 576, 18, 567, 13, 572, 1, 586, -5, 606, -7, 617, -8, 618, -7, 620, -6, 627, -5, 638, -5, 643, -5, 650, -6, 657, -8, 674, -10, 678, -12, 677, -14, 681, -18, 689, -21, 693, -26, 704, -30, 706, -31, 702, -33, 689, -34, 691, -35, 679, -36, 683, -37, 685, -38, 675, -43, 673, -51, 647, -55, 624, -63, 589, -66, 578, -70, 541, -72, 515, -77, 476, -78, 461, -78, 445, -69, 470, -65, 523, -72, 666, -79, 708, -77, 577, -74, 568, -74, 628, -75, 649, -75, 679, -69, 691, -67, 690, -56, 646, -49, 630, -37, 649, -33, 661, -28, 678, -28, 679, -26, 640, 
0, -13, 598, -2, 619, 2, 624, 6, 624, 5, 630, 0, 640, -5, 639, -17, 633, -21, 638, -31, 679, -32, 656, -30, 671, -36, 634, -36, 632, -31, 535, -24, 521, -18, 444, -12, 421, -6, 484, -4, 527, -2, 580, 0, 597, 4, 597, 9, 595, 12, 585, 13, 577, 12, 578, 12, 581, 18, 616, 25, 614, 27, 632, 27, 638, 30, 502, 33, 354, 19, 331, 4, 336, -5, 331, -26, 325, -38, 375, -45, 354, -48, 345, -45, 340, -44, 341, -42, 349, -37, 343, -30, 338, -25, 336, -23, 331, -25, 380, -29, 484, -30, 436, -32, 410, -33, 434, -35, 498, -35, 504, -35, 498, -32, 491, -32, 496, -33, 497, -34, 484, 
0, -35, 505, -37, 522, -39, 528, -43, 527, -45, 528, -43, 523, -37, 505, -22, 410, -14, 378, -9, 357, -14, 319, -17, 305, -24, 292, -31, 305, -46, 354, -60, 421, -53, 529, 20, 582, 148, 432, 211, 437, 226, 462, 236, 441, 245, 461, 246, 469, 236, 490, 229, 488, 211, 484, 200, 480, 178, 478, 168, 471, 161, 467, 165, 464, 186, 454, 201, 432, 236, 417, 263, 435, 274, 463, 272, 488, 271, 501, 263, 529, 260, 536, 265, 548, 267, 548, 269, 550, 275, 551, 283, 549, 287, 550, 296, 549, 302, 547, 314, 553, 321, 551, 335, 543, 346, 540, 348, 541, 350, 539, 359, 545, 365, 547, 377, 549, 381, 554, 382, 556, 
0, 380, 553, 390, 547, 417, 532, 437, 505, 486, 403, 533, 362, 565, 378, 579, 507, 579, 510, 569, 527, 564, 523, 555, 529, 546, 537, 541, 536, 530, 536, 524, 535, 515, 533, 509, 527, 510, 522, 514, 511, 517, 501, 529, 488, 542, 485, 546, 484, 548, 494, 542, 491, 536, 493, 528, 493, 511, 502, 504, 513, 495, 521, 497, 501, 504, 484, 523, 497, 528, 499, 530, 515, 527, 527, 508, 560, 489, 574, 425, 594, 385, 575, 304, 545, 233, 521, 203, 515, 155, 478, 136, 446, 102, 366, 89, 338, 65, 309, 49, 291, 42, 287, 30, 277, 27, 274, 23, 267, 22, 265, 21, 264, 20, 265, 20, 267, 20, 267, 20, 267, 
0, 13, 286, 7, 298, 4, 306, -4, 322, -7, 329, -12, 343, -17, 338, -23, 389, -27, 436, -28, 433, -29, 418, -31, 402, -31, 395, -31, 384, -32, 380, -34, 378, -34, 377, -36, 407, -36, 449, -36, 472, -34, 483, -26, 487, -16, 504, -11, 518, -4, 524, -1, 526, 4, 524, 7, 527, 9, 509, 9, 496, 7, 484, 5, 467, 5, 460, 6, 447, 6, 444, 5, 442, 6, 435, 4, 428, 4, 429, 6, 434, 10, 448, 12, 450, 15, 446, 16, 445, 16, 445, 17, 448, 17, 446, 17, 444, 17, 448, 15, 453, 14, 457, 12, 455, 11, 455, 10, 455, 8, 451, 6, 450, 4, 445, 3, 445, 2, 436, 2, 432, 
0, 5, 444, 8, 445, 11, 443, 13, 442, 15, 435, 17, 430, 17, 429, 19, 429, 19, 429, 19, 429, 19, 428, 19, 429, 19, 433, 19, 441, 20, 442, 21, 440, 23, 438, 24, 437, 26, 437, 28, 435, 30, 435, 30, 434, 31, 434, 32, 433, 32, 432, 32, 429, 32, 427, 32, 426, 31, 427, 30, 429, 30, 428, 30, 431, 29, 432, 29, 434, 28, 441, 29, 440, 29, 439, 28, 439, 28, 439, 29, 437, 28, 436, 29, 436, 29, 435, 29, 435, 27, 438, 26, 438, 26, 438, 25, 439, 25, 437, 26, 434, 29, 430, 30, 428, 33, 427, 35, 429, 41, 424, 46, 420, 48, 425, 49, 433, 49, 435, 49, 437, 
0, 43, 427, 37, 419, 31, 427, 25, 418, 21, 414, 16, 388, 10, 351, 5, 334, 2, 329, -4, 328, -9, 332, -12, 331, -11, 331, -8, 329, 0, 330, 10, 329, 16, 331, 33, 339, 49, 339, 56, 336, 64, 365, 70, 510, 75, 545, 88, 537, 90, 538, 88, 539, 79, 547, 70, 548, 48, 542, 34, 549, 5, 562, -7, 560, -27, 565, -36, 558, -51, 551, -62, 549, -66, 548, -71, 566, -72, 583, -74, 583, -74, 573, -71, 556, -69, 554, -66, 538, -65, 535, -62, 532, -60, 529, -59, 527, -59, 516, -59, 504, -59, 484, -59, 472, -58, 465, -58, 460, -62, 449, -66, 444, -68, 443, -71, 452, -72, 446, -74, 436, 
0, -76, 421, -73, 420, -70, 416, -62, 417, -57, 420, -50, 422, -44, 423, -42, 427, -40, 462, -40, 481, -42, 481, -49, 475, -54, 469, -67, 443, -78, 424, -82, 425, -88, 427, -89, 544, -88, 504, -69, 497, -51, 687, -11, 696, 6, 688, 38, 692, 50, 692, 78, 701, 97, 716, 102, 712, 101, 719, 96, 734, 85, 742, 84, 735, 78, 738, 79, 729, 84, 748, 82, 793, 63, 773, 49, 748, 38, 731, 38, 672, 38, 672, 38, 680, 38, 680, 38, 655, 38, 622, 29, 607, 17, 615, 10, 618, -5, 624, -14, 629, -36, 630, -48, 630, -60, 615, -44, 575, -33, 563, -13, 522, -5, 517, -6, 527, -23, 568, -39, 592, 
0, -21, 666, -7, 645, -10, 604, -3, 526, 0, 524, 3, 620, 6, 638, 20, 658, 27, 684, 28, 673, 28, 664, 25, 666, 24, 663, 23, 645, 22, 624, 21, 528, 21, 518, 14, 557, -4, 619, -14, 682, -45, 715, -64, 728, -91, 711, -101, 705, -114, 697, -119, 696, -125, 689, -126, 697, -130, 702, -136, 696, -137, 695, -135, 695, -130, 685, -118, 678, -110, 679, -89, 677, -79, 671, -64, 687, -49, 712, -46, 715, -36, 717, -32, 704, -24, 706, -19, 711, -18, 710, -17, 699, -12, 698, -9, 695, -4, 692, -1, 692, -1, 689, -4, 691, -12, 713, -21, 714, -23, 713, -27, 710, -30, 651, -44, 606, -66, 626, -111, 629, 
0, 401, 668, 400, 668, 400, 668, 400, 668, 400, 667, 399, 667, 399, 667, 399, 667, 399, 667, 398, 667, 398, 667, 398, 667, 398, 667, 398, 667, 399, 667, 399, 668, 399, 667, 399, 669, 399, 668, 399, 669, 399, 670, 399, 671, 399, 670, 399, 670, 400, 670, 400, 669, 400, 669, 400, 670, 400, 670, 400, 669, 400, 669, 400, 668, 400, 668, 399, 667, 399, 668, 399, 668, 399, 669, 399, 668, 398, 669, 396, 668, 394, 669, 391, 670, 389, 672, 387, 673, 386, 671, 385, 671, 383, 672, 382, 672, 381, 673, 380, 674, 378, 674, 376, 674, 372, 673, 368, 673, 366, 673, 364, 672, 363, 672, 361, 673, 360, 672, 359, 672, 
0, 359, 671, 359, 672, 359, 671, 359, 672, 359, 672, 359, 671, 359, 671, 359, 670, 359, 671, 359, 671, 359, 670, 358, 671, 358, 670, 358, 671, 358, 672, 358, 672, 358, 671, 358, 670, 359, 670, 359, 670, 359, 670, 361, 670, 362, 670, 363, 670, 363, 671, 364, 670, 364, 671, 365, 670, 366, 670, 367, 670, 368, 670, 369, 670, 370, 670, 371, 670, 371, 670, 372, 671, 372, 670, 372, 670, 372, 669, 371, 670, 370, 669, 370, 669, 369, 669, 368, 669, 368, 669, 368, 669, 368, 669, 368, 668, 367, 669, 367, 668, 367, 668, 366, 668, 365, 669, 365, 669, 364, 668, 365, 668, 364, 667, 363, 667, 363, 667, 362, 667, 
1, 361, 667, 362, 667, 362, 667, 362, 667, 361, 667, 361, 667, 361, 667, 362, 667, 363, 667, 363, 667, 364, 667, 365, 666, 365, 666, 365, 667, 363, 667, 363, 668, 363, 668, 362, 667, 362, 667, 362, 667, 362, 667, 362, 669, 363, 670, 365, 670, 368, 669, 370, 670, 372, 671, 374, 671, 375, 673, 377, 673, 377, 673, 379, 671, 381, 671, 381, 670, 381, 670, 382, 670, 383, 669, 383, 669, 384, 669, 389, 669, 402, 671, 415, 672, 758, 249, 1055, 212, 1312, 194, 1719, 185, 1905, 310, 1783, 682, 1347, 711, 1174, 696, 916, 692, 822, 692, 684, 694, 596, 688, 564, 687, 539, 687, 502, 686, 478, 685, 469, 683, 455, 683, 
0, 437, 684, 437, 683, 436, 684, 436, 686, 436, 686, 436, 685, 435, 685, 436, 684, 436, 684, 437, 684, 437, 685, 437, 684, 438, 683, 438, 683, 438, 683, 439, 682, 440, 681, 440, 681, 441, 681, 441, 681, 440, 681, 441, 681, 441, 682, 441, 681, 441, 681, 441, 681, 442, 681, 442, 681, 442, 681, 442, 681, 442, 681, 442, 680, 443, 680, 443, 680, 443, 680, 443, 679, 442, 679, 443, 679, 443, 679, 443, 679, 442, 679, 441, 679, 441, 680, 441, 679, 441, 679, 441, 679, 440, 679, 440, 679, 439, 679, 439, 679, 439, 679, 439, 678, 439, 677, 437, 677, 436, 677, 435, 677, 435, 676, 434, 676, 434, 677, 433, 677, 
0, 429, 676, 427, 675, 426, 675, 425, 674, 425, 674, 424, 673, 424, 673, 424, 673, 424, 673, 423, 672, 422, 673, 421, 671, 421, 671, 421, 670, 420, 670, 420, 670, 420, 670, 420, 670, 420, 670, 420, 670, 420, 670, 420, 670, 420, 671, 419, 671, 418, 671, 416, 670, 414, 669, 412, 668, 410, 668, 408, 668, 408, 670, 407, 669, 406, 669, 405, 669, 404, 669, 404, 669, 404, 668, 403, 667, 403, 668, 403, 668, 403, 669, 402, 669, 402, 669, 401, 669, 401, 670, 401, 669, 401, 668, 401, 669, 401, 668, 401, 669, 401, 669, 401, 669, 400, 669, 400, 669, 400, 670, 400, 670, 400, 668, 400, 668, 400, 668, 400, 667, 
1, 400, 666, 400, 668, 400, 668, 400, 668, 400, 668, 400, 668, 400, 668, 400, 668, 399, 667, 399, 667, 399, 667, 398, 667, 398, 667, 398, 667, 398, 667, 398, 667, 398, 667, 398, 668, 399, 670, 404, 671, 414, 674, 766, 175, 1361, 152, 1692, 144, 1999, 144, 2495, 186, 2206, 452, 1671, 731, 1246, 708, 957, 707, 769, 701, 644, 697, 563, 691, 511, 687, 492, 687, 465, 688, 456, 686, 442, 685, 434, 684, 429, 685, 427, 686, 425, 686, 423, 685, 422, 687, 422, 686, 422, 685, 423, 688, 424, 685, 427, 685, 430, 682, 431, 683, 433, 683, 434, 681, 435, 680, 435, 679, 435, 679, 436, 681, 437, 680, 437, 681, 437, 681, 
0, 440, 687, 440, 686, 442, 685, 443, 686, 444, 686, 445, 686, 446, 685, 448, 684, 450, 683, 452, 684, 453, 684, 455, 684, 456, 683, 456, 683, 456, 681, 457, 683, 458, 683, 459, 684, 459, 684, 460, 682, 460, 682, 460, 682, 461, 683, 461, 682, 462, 683, 463, 683, 464, 682, 464, 684, 465, 683, 465, 683, 465, 683, 468, 683, 469, 682, 469, 682, 469, 682, 468, 681, 467, 681, 466, 679, 465, 679, 464, 678, 463, 678, 462, 677, 461, 676, 460, 676, 460, 676, 459, 676, 457, 672, 457, 672, 454, 670, 453, 671, 450, 670, 447, 669, 445, 668, 444, 666, 444, 665, 442, 665, 441, 665, 441, 667, 440, 667, 440, 666, 
1, 439, 664, 439, 664, 438, 665, 438, 664, 438, 664, 438, 663, 437, 663, 437, 663, 437, 662, 437, 662, 437, 662, 437, 662, 437, 663, 437, 663, 437, 663, 437, 661, 437, 661, 436, 661, 436, 661, 435, 661, 433, 661, 430, 659, 429, 659, 427, 659, 426, 658, 425, 659, 425, 658, 425, 658, 425, 658, 424, 661, 424, 661, 424, 661, 423, 664, 423, 665, 422, 666, 421, 661, 421, 662, 421, 662, 421, 663, 419, 666, 419, 664, 418, 667, 416, 665, 415, 667, 413, 668, 411, 668, 407, 669, 409, 669, 414, 670, 526, 386, 777, 239, 1166, 245, 1283, 321, 1228, 686, 1108, 687, 892, 668, 732, 668, 673, 669, 584, 673, 551, 671, 
0, 428, 664, 423, 664, 414, 663, 410, 662, 406, 662, 403, 662, 401, 663, 399, 661, 398, 662, 397, 664, 397, 665, 396, 664, 395, 664, 392, 663, 391, 665, 388, 665, 385, 669, 384, 666, 382, 667, 381, 666, 380, 668, 380, 668, 380, 667, 380, 661, 380, 661, 380, 659, 380, 660, 380, 657, 380, 657, 380, 656, 380, 656, 380, 657, 380, 656, 380, 655, 379, 654, 379, 653, 378, 654, 377, 655, 376, 656, 374, 659, 371, 660, 368, 663, 365, 666, 363, 666, 362, 666, 362, 664, 361, 663, 361, 664, 361, 664, 361, 663, 361, 662, 361, 660, 361, 660, 361, 659, 362, 658, 362, 657, 363, 658, 363, 657, 363, 657, 363, 657, 
1, 366, 660, 366, 660, 367, 656, 369, 656, 369, 655, 369, 654, 369, 654, 370, 655, 370, 658, 369, 658, 369, 655, 370, 651, 372, 651, 372, 653, 373, 655, 375, 657, 376, 658, 376, 660, 377, 662, 385, 663, 538, 329, 803, 218, 1229, 191, 1396, 189, 1582, 244, 1578, 380, 1317, 573, 1046, 554, 852, 554, 724, 554, 676, 555, 606, 559, 581, 557, 544, 559, 531, 559, 511, 558, 504, 557, 495, 557, 489, 557, 487, 558, 484, 561, 483, 561, 482, 561, 482, 561, 482, 562, 481, 562, 482, 563, 483, 563, 484, 561, 485, 563, 486, 562, 487, 563, 489, 565, 491, 565, 492, 564, 494, 564, 495, 566, 495, 565, 496, 568, 497, 569, 
0, 500, 568, 500, 567, 500, 568, 501, 568, 501, 566, 501, 567, 501, 566, 501, 565, 501, 565, 501, 566, 500, 565, 500, 565, 500, 564, 500, 564, 500, 562, 499, 562, 499, 562, 498, 560, 496, 561, 495, 560, 492, 560, 491, 560, 488, 559, 485, 559, 483, 558, 482, 558, 480, 558, 480, 557, 479, 557, 477, 557, 476, 556, 472, 556, 471, 556, 467, 557, 465, 556, 464, 556, 462, 556, 462, 555, 461, 555, 460, 555, 460, 555, 458, 554, 458, 554, 457, 554, 454, 554, 453, 554, 452, 555, 451, 555, 449, 555, 446, 554, 446, 554, 445, 553, 445, 553, 445, 553, 445, 555, 444, 556, 443, 556, 442, 557, 442, 556, 443, 557, 
1, 441, 556, 441, 555, 441, 555, 441, 554, 441, 554, 441, 554, 441, 554, 441, 554, 441, 555, 441, 556, 441, 556, 440, 556, 440, 555, 439, 555, 439, 555, 439, 555, 442, 555, 453, 555, 468, 556, 830, 211, 1275, 186, 1454, 182, 1694, 194, 1743, 220, 1562, 501, 1210, 580, 1068, 564, 856, 564, 779, 563, 666, 563, 625, 562, 565, 563, 544, 563, 513, 561, 493, 562, 486, 561, 477, 559, 474, 559, 469, 558, 467, 558, 464, 557, 463, 557, 461, 556, 460, 556, 460, 556, 459, 555, 459, 556, 458, 556, 458, 555, 459, 555, 459, 554, 459, 554, 460, 555, 460, 554, 460, 553, 461, 553, 461, 553, 462, 554, 462, 555, 462, 555, 
0, 473, 558, 474, 558, 476, 558, 477, 558, 479, 558, 480, 557, 480, 557, 480, 557, 481, 557, 482, 558, 482, 558, 483, 561, 486, 561, 487, 561, 489, 560, 491, 562, 492, 563, 494, 562, 495, 565, 496, 565, 498, 566, 498, 565, 498, 566, 500, 566, 501, 567, 502, 567, 503, 567, 504, 568, 507, 568, 508, 568, 510, 569, 511, 570, 512, 570, 513, 570, 513, 570, 514, 570, 516, 569, 516, 569, 516, 568, 516, 568, 516, 570, 516, 571, 516, 572, 517, 573, 517, 572, 517, 569, 517, 568, 517, 568, 517, 567, 517, 567, 517, 565, 517, 565, 517, 564, 517, 563, 516, 565, 516, 565, 516, 564, 516, 564, 514, 564, 514, 564, 
0, 512, 562, 513, 562, 513, 561, 514, 561, 514, 561, 514, 561, 514, 561, 512, 560, 509, 561, 507, 561, 505, 560, 504, 560, 502, 560, 501, 559, 499, 559, 497, 559, 497, 558, 497, 557, 497, 556, 497, 555, 497, 556, 497, 554, 496, 554, 495, 555, 493, 556, 491, 556, 489, 556, 486, 557, 485, 556, 484, 556, 483, 556, 482, 556, 481, 556, 480, 555, 479, 555, 476, 555, 474, 555, 473, 555, 470, 554, 469, 554, 469, 553, 468, 553, 466, 554, 466, 553, 465, 553, 465, 553, 465, 553, 465, 554, 464, 554, 464, 554, 463, 554, 462, 553, 462, 554, 461, 555, 461, 555, 461, 554, 461, 553, 461, 553, 460, 553, 460, 553, 
1, 459, 557, 459, 556, 459, 555, 459, 556, 459, 557, 459, 557, 459, 557, 459, 557, 459, 557, 459, 556, 459, 556, 459, 555, 459, 555, 459, 555, 460, 555, 467, 555, 472, 555, 505, 557, 933, 237, 1146, 218, 1462, 206, 1580, 212, 1728, 244, 1683, 473, 1525, 561, 1195, 571, 1064, 566, 865, 565, 791, 565, 685, 564, 647, 565, 592, 562, 556, 563, 543, 566, 524, 566, 517, 566, 509, 567, 506, 568, 503, 568, 502, 569, 500, 570, 500, 569, 500, 569, 500, 569, 500, 571, 500, 572, 500, 573, 502, 572, 502, 571, 505, 572, 506, 573, 509, 576, 511, 575, 512, 576, 513, 580, 515, 579, 515, 578, 515, 580, 515, 581, 515, 578, 
0, 517, 582, 518, 583, 518, 585, 519, 586, 519, 586, 520, 586, 520, 588, 520, 588, 520, 589, 521, 587, 521, 586, 521, 586, 521, 585, 523, 587, 523, 586, 524, 586, 526, 587, 526, 587, 527, 587, 525, 588, 524, 587, 523, 587, 522, 585, 522, 585, 520, 584, 519, 584, 519, 584, 519, 583, 519, 583, 519, 583, 519, 582, 519, 581, 519, 581, 519, 581, 519, 580, 518, 581, 517, 580, 516, 580, 515, 580, 510, 577, 505, 575, 504, 577, 502, 576, 499, 576, 498, 576, 496, 574, 496, 575, 494, 574, 492, 573, 490, 573, 487, 573, 486, 572, 484, 572, 482, 574, 481, 573, 480, 573, 480, 574, 478, 572, 477, 572, 475, 572, 
0, 471, 572, 471, 571, 469, 572, 468, 571, 465, 571, 464, 571, 462, 575, 460, 577, 460, 576, 460, 577, 459, 576, 459, 577, 459, 577, 459, 577, 459, 577, 459, 576, 458, 575, 458, 575, 458, 573, 458, 574, 457, 574, 455, 574, 450, 575, 448, 576, 446, 575, 445, 575, 444, 574, 443, 575, 443, 576, 443, 575, 443, 575, 443, 575, 443, 578, 444, 580, 444, 579, 442, 578, 442, 577, 442, 577, 442, 576, 442, 574, 442, 575, 441, 575, 441, 575, 441, 575, 441, 575, 441, 575, 441, 573, 442, 573, 443, 572, 444, 572, 447, 572, 449, 572, 452, 572, 453, 573, 455, 574, 457, 574, 458, 574, 459, 575, 463, 574, 464, 573, 
1, 474, 568, 476, 569, 477, 568, 477, 568, 478, 568, 478, 569, 478, 570, 480, 570, 483, 569, 484, 569, 486, 570, 488, 570, 490, 569, 492, 570, 493, 570, 495, 574, 502, 576, 560, 580, 822, 216, 1033, 213, 1372, 194, 1553, 281, 1542, 506, 1282, 562, 1049, 557, 884, 555, 823, 558, 729, 557, 666, 554, 642, 554, 606, 555, 593, 553, 575, 556, 568, 556, 557, 555, 554, 557, 550, 559, 549, 559, 547, 561, 546, 561, 544, 562, 543, 561, 542, 562, 542, 560, 542, 560, 542, 560, 541, 559, 541, 558, 541, 558, 541, 556, 540, 556, 540, 556, 539, 557, 539, 557, 538, 557, 537, 557, 537, 556, 536, 557, 536, 556, 535, 556, 
0, 525, 553, 522, 552, 521, 552, 520, 551, 520, 552, 518, 551, 515, 552, 512, 551, 510, 549, 507, 550, 504, 549, 503, 549, 501, 549, 501, 547, 500, 546, 499, 547, 499, 547, 499, 547, 498, 547, 498, 546, 496, 547, 496, 548, 495, 548, 492, 548, 488, 547, 487, 548, 485, 548, 483, 547, 481, 547, 478, 548, 477, 548, 476, 547, 474, 547, 474, 546, 474, 546, 474, 547, 473, 547, 473, 549, 472, 551, 470, 550, 468, 549, 468, 549, 466, 548, 466, 548, 465, 547, 465, 547, 463, 547, 463, 547, 462, 547, 462, 549, 462, 549, 462, 551, 461, 551, 461, 550, 461, 549, 461, 548, 461, 548, 461, 548, 460, 548, 460, 548, 
1, 460, 547, 460, 547, 461, 546, 461, 547, 461, 546, 461, 546, 461, 546, 461, 545, 461, 547, 461, 547, 463, 546, 463, 546, 465, 546, 468, 546, 470, 545, 472, 546, 474, 547, 475, 549, 480, 548, 553, 392, 855, 193, 1339, 172, 1539, 166, 1814, 186, 1850, 279, 1744, 528, 1372, 586, 1215, 574, 975, 573, 888, 570, 760, 569, 713, 567, 645, 566, 601, 567, 586, 569, 563, 568, 550, 568, 542, 568, 540, 568, 537, 572, 537, 570, 538, 570, 538, 570, 538, 571, 538, 574, 538, 575, 538, 574, 538, 575, 538, 574, 538, 574, 538, 574, 538, 577, 538, 578, 540, 578, 540, 579, 540, 578, 541, 580, 541, 580, 542, 580, 543, 581, 
0, 549, 579, 549, 579, 549, 579, 550, 579, 550, 578, 548, 578, 547, 577, 547, 577, 545, 576, 544, 576, 544, 575, 543, 576, 542, 574, 541, 575, 541, 573, 540, 572, 539, 570, 538, 570, 538, 569, 537, 568, 535, 568, 534, 568, 531, 566, 529, 565, 527, 565, 525, 566, 523, 566, 521, 565, 518, 565, 516, 565, 514, 565, 510, 564, 508, 564, 505, 563, 503, 564, 501, 563, 500, 563, 499, 563, 498, 564, 498, 563, 498, 563, 498, 563, 496, 563, 496, 562, 496, 562, 496, 561, 495, 561, 495, 561, 493, 561, 491, 561, 488, 561, 487, 561, 485, 560, 484, 560, 482, 560, 482, 560, 482, 560, 482, 560, 482, 560, 481, 560, 
0, 480, 561, 478, 561, 476, 561, 475, 561, 475, 561, 474, 560, 474, 560, 473, 561, 473, 561, 473, 561, 472, 561, 472, 562, 472, 561, 472, 561, 472, 561, 472, 561, 471, 561, 470, 561, 469, 561, 469, 560, 469, 560, 469, 560, 468, 560, 467, 559, 468, 559, 467, 560, 466, 560, 465, 559, 465, 559, 466, 559, 466, 559, 467, 559, 467, 559, 467, 559, 468, 559, 471, 559, 473, 559, 475, 559, 475, 559, 475, 558, 477, 558, 477, 558, 477, 558, 478, 559, 478, 560, 479, 560, 481, 559, 483, 560, 486, 560, 490, 560, 491, 560, 493, 560, 494, 560, 496, 560, 497, 560, 498, 560, 499, 560, 500, 559, 502, 560, 504, 559, 
1, 513, 562, 514, 563, 515, 565, 517, 566, 518, 567, 519, 569, 520, 570, 521, 569, 524, 571, 525, 572, 526, 571, 528, 572, 531, 574, 532, 576, 534, 578, 536, 578, 537, 578, 539, 579, 542, 580, 551, 581, 592, 583, 773, 269, 1129, 247, 1263, 239, 1456, 260, 1506, 288, 1507, 498, 1451, 557, 1241, 551, 1046, 552, 965, 549, 837, 549, 788, 548, 713, 546, 686, 544, 643, 542, 627, 543, 603, 545, 586, 544, 580, 545, 571, 543, 567, 543, 562, 542, 560, 542, 555, 543, 553, 543, 549, 544, 548, 544, 546, 543, 545, 543, 542, 542, 540, 542, 539, 541, 537, 542, 535, 542, 531, 541, 529, 539, 526, 539, 524, 539, 523, 539, 
0, 512, 538, 509, 538, 508, 538, 505, 537, 504, 538, 503, 538, 502, 539, 501, 539, 500, 538, 499, 538, 496, 538, 493, 537, 490, 538, 490, 538, 489, 538, 488, 538, 486, 538, 486, 538, 485, 537, 485, 537, 486, 538, 486, 537, 486, 537, 485, 537, 484, 538, 484, 538, 484, 538, 484, 538, 483, 537, 483, 537, 483, 537, 482, 537, 482, 537, 482, 538, 481, 537, 481, 536, 479, 537, 478, 539, 478, 539, 478, 539, 478, 539, 478, 539, 478, 538, 478, 539, 478, 539, 478, 538, 478, 538, 478, 538, 478, 539, 478, 538, 478, 539, 477, 539, 477, 541, 477, 540, 477, 540, 476, 541, 473, 543, 471, 542, 469, 542, 469, 542, 
1, 476, 543, 478, 542, 481, 542, 483, 541, 486, 543, 489, 545, 490, 544, 493, 545, 496, 545, 498, 544, 499, 545, 502, 545, 506, 545, 510, 543, 511, 544, 514, 544, 515, 544, 519, 544, 521, 544, 528, 544, 535, 545, 575, 549, 905, 268, 1056, 264, 1303, 256, 1389, 269, 1481, 330, 1485, 448, 1348, 548, 1232, 545, 1026, 543, 944, 544, 819, 545, 773, 544, 704, 543, 659, 544, 643, 545, 619, 546, 610, 547, 598, 549, 594, 548, 588, 547, 586, 547, 584, 548, 582, 554, 581, 553, 580, 554, 580, 554, 580, 552, 580, 551, 580, 549, 580, 549, 580, 549, 580, 548, 580, 548, 580, 548, 579, 547, 579, 548, 579, 548, 578, 549, 
0, 570, 546, 568, 545, 565, 545, 563, 544, 561, 544, 560, 547, 553, 546, 551, 546, 545, 550, 540, 549, 537, 550, 531, 550, 528, 549, 526, 549, 525, 547, 523, 546, 521, 547, 519, 546, 516, 545, 511, 547, 508, 547, 506, 547, 504, 547, 503, 546, 502, 544, 501, 545, 500, 545, 499, 545, 498, 542, 498, 542, 497, 542, 497, 541, 496, 541, 493, 541, 491, 543, 487, 544, 485, 546, 478, 550, 474, 548, 466, 547, 461, 544, 450, 547, 438, 547, 432, 547, 421, 547, 411, 546, 400, 545, 391, 542, 383, 542, 375, 542, 368, 542, 364, 542, 360, 542, 359, 542, 355, 542, 353, 540, 351, 540, 348, 541, 345, 542, 344, 541, 
0, 197, 457, 196, 462, 192, 464, 190, 463, 189, 464, 188, 462, 187, 463, 187, 462, 187, 461, 186, 460, 185, 461, 184, 460, 183, 459, 183, 460, 182, 463, 180, 465, 180, 465, 180, 467, 180, 468, 179, 469, 176, 469, 170, 468, 166, 471, 165, 472, 163, 476, 163, 474, 165, 473, 166, 470, 165, 468, 162, 472, 157, 477, 153, 476, 152, 470, 155, 457, 161, 446, 164, 441, 166, 438, 170, 438, 177, 434, 186, 426, 192, 419, 206, 411, 213, 408, 225, 408, 230, 408, 234, 436, 226, 481, 220, 496, 207, 515, 196, 515, 191, 510, 191, 505, 194, 500, 199, 507, 201, 509, 205, 512, 207, 514, 210, 514, 212, 516, 214, 513, 
0, 194, 488, 188, 483, 181, 482, 177, 481, 172, 480, 176, 502, 181, 526, 181, 535, 180, 547, 178, 566, 172, 573, 170, 583, 168, 580, 167, 584, 167, 584, 165, 587, 164, 593, 168, 591, 172, 578, 174, 580, 177, 587, 178, 568, 179, 546, 177, 550, 171, 551, 168, 547, 164, 541, 159, 535, 155, 535, 147, 534, 142, 535, 133, 532, 130, 532, 127, 529, 127, 534, 128, 537, 127, 540, 126, 539, 118, 540, 114, 544, 100, 554, 92, 568, 81, 594, 77, 600, 70, 601, 63, 617, 57, 616, 49, 602, 46, 580, 45, 571, 43, 566, 42, 567, 39, 569, 36, 569, 27, 565, 23, 566, 15, 565, 10, 565, 8, 567, 6, 569, 
0, 35, 575, 36, 577, 31, 581, 28, 576, 18, 572, 5, 578, -6, 581, -17, 577, -24, 572, -29, 571, -31, 565, -32, 562, -34, 561, -36, 553, -36, 552, -36, 554, -38, 554, -40, 551, -39, 552, -38, 550, -38, 548, -38, 540, -37, 539, -36, 552, -38, 559, -42, 553, -45, 551, -47, 551, -46, 544, -47, 543, -47, 537, -43, 527, -42, 524, -40, 530, -42, 534, -50, 537, -53, 532, -48, 537, -46, 537, -41, 548, -32, 542, -2, 537, 14, 536, 44, 535, 73, 534, 96, 528, 101, 527, 98, 525, 74, 518, 38, 514, -4, 509, -23, 513, -56, 520, -69, 517, -82, 517, -78, 506, -58, 516, -49, 523, -27, 531, 6, 537, 
0, 108, 542, 121, 525, 131, 522, 136, 519, 143, 513, 142, 507, 138, 508, 128, 519, 122, 528, 119, 528, 122, 526, 128, 521, 133, 524, 135, 521, 137, 517, 137, 517, 127, 511, 108, 509, 88, 519, 78, 524, 60, 514, 29, 518, 23, 514, 26, 510, 31, 513, 18, 535, -19, 546, -47, 549, -119, 578, -147, 615, -162, 612, -157, 602, -139, 587, -133, 582, -120, 582, -114, 614, -119, 611, -129, 579, -126, 565, -107, 555, -89, 552, -77, 565, -73, 572, -75, 568, -91, 574, -100, 581, -155, 575, -201, 569, -209, 563, -214, 574, -198, 571, -159, 558, -135, 552, -85, 547, -61, 542, -20, 537, 10, 537, 21, 539, 29, 535, 24, 522, 
0, -26, 476, 7, 477, 68, 466, 87, 442, 104, 403, 111, 397, 122, 430, 129, 452, 131, 456, 130, 462, 122, 482, 113, 543, 94, 608, 84, 617, 68, 609, 64, 598, 66, 573, 88, 547, 98, 523, 106, 492, 118, 448, 130, 431, 135, 426, 139, 424, 144, 413, 140, 419, 136, 434, 128, 453, 117, 465, 111, 466, 107, 464, 101, 462, 99, 466, 97, 468, 98, 466, 99, 466, 99, 468, 99, 471, 99, 469, 96, 470, 93, 471, 87, 481, 81, 489, 68, 502, 62, 504, 54, 522, 52, 527, 53, 535, 54, 536, 60, 544, 64, 546, 72, 537, 79, 531, 90, 515, 100, 517, 118, 513, 129, 517, 136, 558, 138, 591, 135, 597, 
0, 38, 361, 35, 309, 30, 274, 28, 299, 25, 343, 24, 355, 22, 357, 20, 369, 18, 376, 18, 356, 18, 350, 19, 381, 19, 455, 21, 533, 24, 552, 39, 540, 59, 511, 68, 483, 79, 368, 76, 343, 55, 388, 43, 408, 19, 453, 7, 466, -15, 456, -27, 447, -52, 429, -66, 429, -94, 430, -112, 425, -119, 422, -134, 418, -143, 421, -154, 419, -157, 417, -162, 416, -164, 418, -158, 416, -147, 428, -142, 434, -133, 430, -129, 422, -122, 424, -121, 439, -123, 477, -123, 477, -125, 479, -129, 481, -133, 516, -137, 573, -139, 596, -129, 623, -127, 620, -129, 611, -132, 596, -139, 568, -141, 551, -140, 536, -130, 536, -123, 540, 
0, -32, 502, -20, 499, -15, 500, -6, 502, 1, 498, 5, 497, 10, 497, 12, 497, 15, 497, 17, 496, 18, 496, 19, 496, 21, 495, 21, 495, 22, 495, 24, 493, 26, 494, 26, 493, 28, 493, 29, 493, 30, 493, 32, 492, 32, 492, 32, 492, 33, 492, 34, 493, 34, 492, 35, 491, 35, 491, 35, 491, 35, 491, 35, 491, 35, 491, 36, 490, 36, 490, 36, 490, 36, 490, 36, 491, 36, 491, 36, 491, 36, 490, 36, 490, 36, 490, 36, 491, 37, 491, 37, 491, 37, 491, 37, 491, 37, 490, 37, 490, 37, 490, 37, 490, 37, 490, 37, 489, 37, 489, 37, 489, 37, 490, 37, 490, 37, 490, 37, 489, 
0, 37, 490, 37, 489, 37, 490, 37, 489, 37, 490, 36, 489, 36, 489, 36, 489, 36, 489, 36, 489, 36, 490, 36, 490, 36, 489, 36, 489, 35, 489, 36, 489, 36, 489, 35, 489, 35, 489, 35, 489, 35, 489, 35, 489, 35, 489, 35, 489, 35, 489, 35, 489, 35, 489, 35, 488, 35, 489, 34, 489, 34, 489, 34, 489, 34, 488, 34, 488, 33, 487, 33, 488, 33, 488, 33, 487, 33, 487, 33, 487, 33, 487, 33, 487, 33, 487, 33, 487, 33, 486, 32, 486, 32, 486, 32, 486, 32, 486, 32, 486, 32, 486, 32, 486, 30, 486, 31, 486, 31, 486, 31, 486, 31, 486, 30, 486, 31, 486, 31, 486, 
