0, 260, 537, 260, 537, 260, 537, 260, 537, 259, 536, 259, 534, 259, 534, 259, 533, 257, 532, 257, 531, 256, 532, 253, 532, 252, 532, 252, 530, 250, 530, 250, 530, 249, 530, 248, 529, 248, 528, 248, 529, 248, 528, 247, 528, 247, 528, 246, 527, 246, 527, 245, 528, 245, 527, 245, 527, 245, 527, 245, 527, 244, 527, 244, 527, 244, 527, 244, 529, 244, 529, 244, 528, 243, 530, 243, 530, 243, 530, 243, 530, 242, 530, 241, 530, 241, 529, 241, 529, 241, 529, 241, 529, 241, 528, 241, 528, 241, 528, 241, 528, 241, 527, 242, 528, 243, 527, 245, 528, 247, 527, 249, 527, 250, 528, 252, 527, 253, 526, 254, 526, 
0, 252, 525, 251, 524, 250, 524, 249, 527, 248, 526, 247, 524, 247, 523, 247, 522, 245, 523, 245, 523, 245, 522, 246, 526, 247, 525, 250, 526, 251, 524, 252, 525, 252, 525, 252, 519, 253, 523, 254, 527, 255, 526, 255, 530, 256, 527, 257, 523, 257, 520, 258, 516, 259, 513, 261, 511, 261, 508, 262, 505, 262, 507, 261, 503, 261, 500, 261, 503, 258, 499, 256, 491, 254, 496, 254, 486, 255, 463, 255, 465, 257, 479, 256, 497, 255, 509, 254, 553, 254, 564, 253, 565, 253, 559, 253, 548, 250, 551, 246, 538, 241, 525, 223, 529, 196, 544, 180, 539, 146, 536, 129, 536, 100, 539, 88, 536, 70, 535, 63, 530, 
0, 33, 544, 13, 578, 0, 590, -10, 591, -14, 594, -20, 586, -22, 585, -21, 581, -17, 576, -12, 576, 8, 569, 88, 560, 156, 573, 166, 578, 138, 598, 117, 610, 75, 623, 58, 625, 32, 626, 10, 629, 2, 628, -10, 614, -17, 615, -19, 622, -20, 608, -18, 604, -16, 603, -17, 603, -18, 606, -23, 607, -27, 612, -34, 616, -36, 624, -38, 628, -36, 633, -36, 636, -22, 638, -15, 639, -9, 638, 0, 642, 5, 644, 8, 646, 12, 648, 22, 647, 29, 647, 36, 650, 49, 659, 61, 652, 65, 644, 76, 630, 85, 611, 88, 623, 92, 640, 112, 637, 123, 629, 137, 635, 145, 648, 147, 658, 148, 692, 146, 703, 
0, 115, 691, 110, 655, 109, 639, 106, 630, 97, 630, 92, 634, 76, 671, 69, 687, 51, 692, 43, 688, 28, 698, 20, 704, 6, 715, 1, 704, -10, 707, -20, 695, -25, 681, -38, 729, -44, 740, -49, 729, -48, 732, -44, 743, -41, 748, -31, 740, -18, 731, -10, 732, 2, 762, 6, 777, 18, 764, 25, 759, 37, 754, 48, 751, 54, 743, 63, 738, 67, 733, 72, 727, 74, 726, 77, 720, 79, 714, 86, 704, 91, 699, 94, 690, 101, 681, 105, 680, 110, 686, 109, 686, 105, 675, 103, 675, 96, 686, 93, 689, 88, 688, 85, 685, 84, 687, 83, 692, 83, 689, 87, 671, 89, 672, 92, 663, 89, 662, 87, 666, 
0, 72, 670, 74, 655, 83, 630, 90, 612, 92, 612, 92, 624, 87, 662, 82, 676, 74, 727, 71, 720, 64, 702, 59, 707, 48, 711, 47, 665, 49, 652, 50, 629, 47, 629, 42, 640, 38, 632, 30, 624, 26, 620, 16, 635, 11, 640, 0, 643, -5, 641, -13, 638, -10, 642, -7, 635, 4, 643, 9, 640, 13, 639, 19, 638, 38, 638, 61, 637, 72, 637, 94, 632, 104, 632, 117, 631, 121, 629, 125, 640, 125, 644, 124, 649, 122, 670, 121, 679, 115, 684, 113, 677, 111, 645, 110, 632, 106, 636, 105, 637, 102, 649, 95, 669, 92, 669, 77, 684, 66, 685, 43, 651, 23, 638, 15, 636, 3, 636, -1, 636, 
0, 97, 471, 124, 481, 138, 498, 142, 511, 141, 537, 139, 547, 120, 570, 98, 574, 111, 580, 158, 576, 206, 578, 248, 571, 273, 571, 289, 582, 295, 580, 301, 590, 304, 591, 307, 587, 315, 583, 327, 583, 333, 582, 342, 585, 342, 593, 337, 603, 333, 604, 326, 606, 324, 607, 315, 609, 307, 617, 285, 630, 258, 642, 243, 649, 215, 655, 188, 653, 175, 652, 151, 650, 138, 658, 115, 660, 95, 660, 87, 660, 72, 658, 66, 660, 57, 657, 52, 651, 50, 652, 50, 655, 49, 660, 47, 659, 46, 660, 44, 655, 43, 655, 38, 660, 33, 661, 31, 659, 28, 658, 27, 658, 26, 655, 25, 654, 24, 650, 23, 650, 
0, 9, 654, 7, 659, 4, 661, 3, 661, 2, 655, 3, 654, 4, 651, 6, 650, 8, 651, 12, 655, 14, 654, 17, 654, 20, 651, 22, 654, 28, 651, 31, 649, 41, 643, 45, 642, 53, 642, 58, 642, 66, 642, 73, 642, 81, 641, 88, 642, 92, 641, 96, 641, 103, 640, 106, 638, 112, 640, 116, 638, 122, 639, 124, 639, 128, 644, 133, 641, 138, 642, 151, 638, 159, 639, 174, 636, 181, 637, 194, 640, 199, 641, 209, 639, 219, 639, 223, 640, 233, 638, 240, 640, 254, 639, 259, 638, 269, 638, 279, 639, 284, 636, 293, 636, 302, 635, 305, 637, 308, 640, 311, 641, 308, 644, 306, 646, 304, 643, 304, 641, 
0, 315, 650, 312, 652, 310, 653, 305, 652, 303, 653, 299, 649, 297, 649, 293, 649, 293, 649, 294, 650, 296, 651, 297, 649, 298, 648, 298, 648, 297, 647, 295, 647, 290, 651, 288, 651, 279, 651, 269, 649, 263, 646, 252, 645, 246, 646, 237, 643, 225, 645, 220, 643, 213, 641, 208, 644, 200, 647, 193, 647, 190, 648, 186, 646, 184, 646, 183, 651, 183, 649, 184, 649, 185, 649, 185, 650, 183, 651, 183, 651, 182, 644, 181, 643, 178, 637, 175, 636, 167, 637, 157, 631, 153, 629, 146, 616, 144, 572, 148, 552, 166, 492, 180, 465, 226, 379, 256, 336, 314, 229, 338, 186, 369, 127, 383, 103, 382, 98, 370, 90, 
0, 296, 95, 285, 98, 265, 101, 264, 104, 270, 106, 304, 106, 329, 103, 387, 99, 417, 97, 480, 89, 551, 84, 587, 82, 656, 77, 687, 75, 741, 73, 786, 71, 803, 70, 829, 70, 838, 72, 850, 72, 855, 72, 864, 73, 870, 72, 876, 71, 879, 71, 884, 72, 889, 72, 891, 72, 897, 71, 904, 72, 908, 71, 918, 70, 930, 70, 935, 70, 944, 70, 952, 68, 955, 69, 956, 69, 958, 69, 961, 70, 963, 69, 969, 69, 978, 68, 982, 69, 988, 68, 991, 68, 998, 67, 1005, 67, 1008, 67, 1016, 66, 1024, 67, 1029, 66, 1037, 65, 1045, 65, 1048, 64, 1051, 65, 1052, 65, 1051, 66, 1050, 66, 1048, 65, 
0, 1053, 65, 1056, 65, 1059, 65, 1062, 65, 1066, 65, 1070, 64, 1072, 65, 1076, 65, 1079, 65, 1080, 64, 1081, 65, 1081, 65, 1081, 65, 1079, 66, 1077, 66, 1072, 67, 1069, 67, 1060, 68, 1052, 68, 1048, 68, 1042, 70, 1038, 70, 1030, 71, 1027, 71, 1021, 72, 1018, 73, 1012, 75, 1006, 75, 1003, 76, 999, 76, 997, 76, 997, 75, 998, 75, 1001, 74, 1003, 74, 1007, 74, 1008, 75, 1006, 76, 994, 83, 983, 90, 945, 104, 890, 124, 860, 138, 798, 181, 771, 188, 730, 201, 708, 200, 703, 211, 695, 247, 691, 274, 687, 361, 668, 527, 655, 558, 631, 573, 618, 580, 594, 577, 583, 575, 570, 577, 556, 594, 507, 586, 
0, 9, 418, 9, 419, 6, 422, 5, 426, 0, 443, -3, 453, -8, 458, -12, 456, -19, 450, -27, 439, -31, 434, -38, 431, -45, 438, -49, 443, -53, 447, -60, 448, -64, 447, -72, 447, -77, 447, -79, 451, -80, 456, -79, 463, -77, 468, -76, 468, -73, 472, -71, 475, -70, 481, -66, 485, -64, 487, -60, 493, -58, 492, -54, 488, -49, 484, -47, 486, -45, 486, -41, 480, -40, 479, -37, 492, -32, 489, -30, 484, -26, 479, -25, 478, -23, 481, -21, 501, -20, 494, -19, 495, -18, 495, -14, 484, -12, 473, -8, 494, -6, 506, -2, 535, 0, 535, 0, 522, 0, 488, 0, 480, 0, 456, 1, 452, 4, 471, 7, 469, 
0, 42, 487, 50, 512, 55, 526, 66, 549, 71, 545, 75, 508, 76, 507, 75, 507, 72, 508, 69, 507, 63, 508, 61, 508, 58, 505, 59, 498, 60, 481, 65, 467, 69, 465, 78, 463, 83, 457, 97, 436, 108, 431, 149, 445, 166, 471, 182, 400, 181, 370, 179, 364, 177, 360, 168, 367, 149, 408, 139, 436, 126, 516, 125, 550, 129, 567, 135, 560, 154, 554, 169, 553, 207, 550, 229, 550, 285, 538, 312, 535, 302, 523, 252, 498, 221, 467, 160, 351, 134, 287, 94, 252, 80, 242, 61, 226, 55, 222, 48, 220, 45, 225, 44, 231, 46, 249, 47, 261, 51, 293, 54, 312, 64, 352, 71, 368, 88, 410, 108, 446, 
1, 154, 480, 168, 487, 198, 486, 227, 483, 241, 477, 267, 468, 279, 463, 291, 461, 316, 451, 327, 447, 344, 437, 355, 435, 360, 434, 368, 436, 372, 438, 376, 444, 378, 450, 381, 461, 382, 467, 382, 468, 376, 474, 372, 471, 362, 470, 358, 471, 349, 468, 345, 468, 340, 466, 341, 464, 344, 464, 350, 462, 371, 459, 422, 456, 463, 439, 588, 390, 656, 371, 786, 341, 847, 328, 949, 307, 987, 308, 1033, 327, 1029, 355, 1005, 372, 915, 405, 859, 430, 745, 450, 642, 474, 597, 480, 557, 490, 482, 504, 449, 508, 391, 500, 344, 494, 325, 492, 294, 495, 279, 506, 251, 528, 237, 539, 216, 537, 208, 531, 196, 529, 
0, 185, 511, 184, 508, 180, 511, 173, 507, 171, 503, 167, 494, 168, 479, 172, 470, 175, 465, 185, 455, 192, 454, 207, 449, 217, 447, 242, 442, 257, 437, 293, 431, 342, 431, 378, 431, 593, 319, 854, 221, 989, 201, 1298, 162, 1662, 121, 1836, 105, 2179, 81, 2346, 72, 2666, 58, 2822, 53, 3200, 47, 3543, 44, 3699, 44, 3942, 44, 4033, 44, 4163, 47, 4235, 51, 4252, 54, 4257, 62, 4134, 72, 4000, 81, 3592, 128, 2773, 321, 2028, 340, 1486, 383, 1284, 396, 983, 408, 778, 419, 638, 435, 586, 440, 504, 448, 446, 459, 424, 465, 387, 476, 348, 473, 330, 478, 323, 481, 316, 484, 303, 489, 294, 490, 290, 490, 283, 492, 
0, 292, 468, 300, 463, 323, 442, 357, 414, 378, 400, 424, 375, 447, 363, 491, 354, 513, 350, 554, 340, 588, 328, 604, 323, 632, 322, 643, 322, 662, 323, 670, 324, 682, 325, 689, 328, 700, 329, 709, 335, 711, 336, 713, 338, 713, 337, 714, 340, 714, 343, 712, 342, 710, 341, 707, 341, 707, 340, 709, 339, 711, 341, 711, 342, 713, 345, 713, 346, 712, 346, 711, 346, 708, 345, 707, 346, 705, 347, 703, 350, 702, 350, 700, 351, 700, 351, 698, 350, 698, 350, 698, 350, 698, 350, 697, 351, 695, 350, 694, 351, 694, 353, 693, 352, 691, 352, 690, 353, 688, 355, 687, 355, 685, 357, 684, 360, 682, 359, 681, 358, 
0, 692, 355, 693, 354, 695, 355, 695, 356, 693, 360, 691, 360, 688, 359, 688, 360, 687, 361, 688, 360, 689, 361, 688, 360, 688, 359, 689, 359, 689, 360, 686, 362, 685, 361, 686, 361, 688, 360, 689, 360, 688, 359, 689, 359, 690, 358, 692, 358, 693, 357, 695, 356, 698, 355, 698, 355, 698, 355, 699, 354, 700, 354, 700, 354, 700, 355, 702, 355, 703, 355, 705, 355, 706, 355, 706, 355, 706, 354, 706, 354, 706, 354, 706, 354, 706, 354, 705, 354, 705, 353, 705, 354, 705, 354, 704, 354, 706, 354, 706, 354, 707, 354, 710, 354, 711, 354, 715, 354, 716, 353, 718, 353, 718, 353, 718, 352, 718, 352, 718, 352, 
1, 717, 352, 716, 353, 714, 353, 711, 352, 709, 352, 707, 352, 706, 352, 704, 351, 703, 351, 703, 350, 703, 350, 703, 350, 704, 350, 705, 349, 709, 348, 711, 348, 714, 347, 716, 345, 719, 344, 724, 343, 727, 343, 734, 342, 739, 342, 758, 344, 783, 342, 942, 272, 1084, 218, 1412, 151, 1846, 125, 2069, 121, 2421, 117, 2581, 113, 2886, 97, 3039, 87, 3342, 74, 3527, 69, 3869, 64, 4014, 63, 4249, 61, 4415, 58, 4481, 58, 4586, 57, 4602, 56, 4636, 56, 4651, 56, 4700, 56, 4726, 55, 4790, 55, 4810, 56, 4817, 60, 4705, 71, 4553, 84, 3782, 151, 3333, 386, 2480, 357, 2156, 355, 1685, 359, 1515, 355, 1270, 353, 1114, 352, 
0, 895, 357, 883, 352, 869, 348, 866, 345, 864, 345, 864, 347, 868, 350, 870, 352, 872, 355, 874, 365, 877, 367, 880, 373, 886, 382, 891, 382, 901, 384, 905, 388, 907, 402, 902, 408, 877, 409, 859, 410, 821, 408, 793, 408, 785, 402, 778, 393, 780, 384, 794, 375, 806, 377, 833, 373, 859, 371, 871, 371, 889, 372, 896, 374, 909, 378, 919, 379, 925, 380, 935, 378, 940, 377, 948, 378, 956, 377, 960, 376, 967, 376, 969, 376, 973, 374, 976, 373, 977, 372, 980, 374, 980, 375, 980, 375, 980, 375, 980, 377, 980, 380, 978, 382, 977, 383, 977, 384, 977, 384, 977, 386, 977, 384, 978, 381, 978, 382, 980, 380, 
0, 988, 375, 990, 375, 992, 376, 993, 376, 993, 376, 993, 379, 993, 381, 993, 380, 992, 381, 991, 382, 991, 381, 990, 379, 990, 379, 991, 378, 993, 377, 994, 377, 996, 376, 997, 377, 998, 376, 998, 376, 1001, 374, 1003, 374, 1006, 374, 1007, 373, 1009, 372, 1011, 372, 1013, 373, 1013, 372, 1014, 372, 1015, 371, 1015, 372, 1016, 371, 1016, 372, 1017, 372, 1017, 371, 1017, 370, 1017, 369, 1017, 368, 1018, 368, 1018, 368, 1018, 367, 1019, 368, 1020, 366, 1021, 368, 1022, 367, 1024, 367, 1026, 367, 1028, 368, 1030, 369, 1032, 368, 1034, 370, 1035, 371, 1036, 371, 1039, 371, 1040, 369, 1041, 369, 1043, 369, 1044, 370, 1048, 369, 1051, 368, 
0, 1060, 367, 1061, 367, 1063, 367, 1067, 368, 1070, 367, 1072, 366, 1074, 366, 1076, 366, 1078, 365, 1079, 365, 1081, 365, 1083, 364, 1085, 365, 1087, 365, 1088, 365, 1089, 366, 1091, 366, 1091, 367, 1092, 367, 1090, 367, 1091, 367, 1090, 367, 1089, 367, 1087, 367, 1085, 367, 1084, 367, 1082, 365, 1079, 364, 1076, 364, 1070, 362, 1066, 361, 1057, 360, 1053, 360, 1045, 358, 1041, 359, 1034, 358, 1029, 359, 1027, 361, 1024, 363, 1023, 363, 1021, 364, 1020, 367, 1020, 368, 1022, 368, 1023, 368, 1029, 367, 1039, 365, 1052, 363, 1058, 364, 1077, 359, 1086, 359, 1092, 359, 1093, 359, 1095, 360, 1095, 362, 1096, 363, 1099, 364, 1102, 365, 1108, 365, 1114, 365, 
1, 1120, 368, 1117, 368, 1111, 368, 1104, 368, 1095, 368, 1089, 366, 1084, 366, 1082, 366, 1077, 365, 1074, 365, 1070, 365, 1069, 364, 1066, 364, 1065, 363, 1063, 362, 1062, 361, 1060, 360, 1060, 360, 1060, 360, 1060, 359, 1059, 360, 1058, 359, 1058, 359, 1057, 359, 1057, 360, 1059, 359, 1061, 359, 1068, 359, 1086, 360, 1105, 360, 1193, 218, 1662, 104, 2155, 85, 2416, 80, 2773, 73, 2921, 69, 3253, 60, 3434, 57, 3771, 50, 3935, 48, 4280, 46, 4414, 46, 4614, 47, 4750, 46, 4800, 47, 4875, 48, 4900, 49, 4926, 53, 4905, 56, 4834, 66, 4788, 73, 4630, 98, 4516, 124, 3740, 288, 2865, 329, 2266, 342, 2049, 344, 1732, 350, 1618, 350, 1454, 350, 
0, 1200, 354, 1185, 351, 1180, 352, 1173, 353, 1170, 354, 1166, 356, 1163, 361, 1162, 363, 1158, 364, 1153, 365, 1148, 368, 1146, 368, 1143, 368, 1142, 367, 1140, 364, 1139, 364, 1138, 363, 1136, 363, 1135, 363, 1135, 363, 1135, 363, 1134, 361, 1134, 360, 1135, 358, 1135, 357, 1135, 357, 1134, 356, 1134, 354, 1134, 354, 1134, 353, 1134, 353, 1134, 353, 1133, 354, 1131, 353, 1129, 357, 1128, 355, 1126, 354, 1124, 352, 1124, 352, 1123, 351, 1122, 350, 1122, 349, 1122, 350, 1122, 350, 1122, 351, 1122, 351, 1122, 351, 1122, 351, 1122, 351, 1123, 352, 1123, 352, 1123, 352, 1123, 352, 1123, 353, 1123, 351, 1123, 351, 1123, 351, 1122, 349, 1122, 348, 1122, 347, 
0, 1122, 345, 1122, 343, 1122, 344, 1122, 344, 1122, 346, 1121, 349, 1121, 350, 1121, 352, 1121, 353, 1120, 351, 1120, 350, 1120, 349, 1120, 348, 1121, 348, 1121, 347, 1121, 348, 1121, 347, 1121, 347, 1121, 349, 1121, 349, 1121, 352, 1120, 353, 1120, 355, 1120, 358, 1118, 360, 1117, 360, 1116, 361, 1114, 362, 1113, 362, 1113, 362, 1112, 360, 1112, 361, 1112, 363, 1112, 364, 1112, 366, 1113, 367, 1113, 368, 1113, 368, 1111, 369, 1109, 371, 1107, 371, 1106, 369, 1105, 369, 1103, 370, 1103, 370, 1103, 371, 1103, 371, 1103, 372, 1103, 373, 1104, 375, 1104, 377, 1105, 383, 1105, 391, 1105, 395, 1106, 397, 1106, 400, 1106, 399, 1106, 400, 1106, 400, 1106, 399, 
1, 1102, 398, 1102, 396, 1102, 396, 1102, 396, 1102, 396, 1102, 396, 1103, 395, 1103, 395, 1103, 395, 1103, 394, 1103, 394, 1103, 393, 1103, 392, 1103, 392, 1103, 392, 1106, 390, 1107, 389, 1110, 387, 1112, 387, 1115, 385, 1118, 384, 1119, 382, 1125, 380, 1128, 379, 1135, 378, 1141, 378, 1162, 377, 1207, 388, 1563, 153, 1735, 124, 2030, 108, 2147, 106, 2491, 105, 2808, 101, 2976, 96, 3270, 83, 3423, 75, 3683, 60, 3793, 55, 3974, 51, 4049, 50, 4177, 49, 4272, 49, 4309, 49, 4362, 51, 4379, 53, 4392, 67, 4389, 80, 4360, 144, 3406, 356, 2986, 364, 2350, 360, 2117, 360, 1777, 359, 1557, 358, 1478, 360, 1364, 359, 1290, 359, 1244, 359, 1227, 360, 
0, 1171, 369, 1166, 370, 1162, 372, 1156, 371, 1153, 371, 1148, 373, 1145, 370, 1144, 368, 1141, 367, 1139, 366, 1138, 363, 1137, 363, 1136, 362, 1135, 367, 1134, 368, 1130, 368, 1126, 371, 1122, 371, 1120, 372, 1116, 373, 1115, 371, 1114, 371, 1113, 369, 1113, 368, 1113, 369, 1113, 368, 1113, 369, 1113, 369, 1114, 373, 1113, 373, 1112, 374, 1110, 378, 1108, 379, 1104, 379, 1102, 380, 1100, 378, 1099, 378, 1098, 378, 1097, 378, 1096, 378, 1096, 378, 1095, 376, 1095, 376, 1095, 377, 1095, 376, 1097, 375, 1097, 375, 1097, 375, 1097, 375, 1097, 378, 1096, 381, 1095, 383, 1094, 386, 1093, 389, 1091, 390, 1090, 391, 1086, 393, 1085, 392, 1083, 390, 1081, 388, 
1, 1078, 386, 1078, 386, 1078, 385, 1078, 383, 1078, 382, 1079, 382, 1079, 382, 1080, 381, 1081, 381, 1082, 381, 1083, 382, 1084, 382, 1085, 382, 1085, 383, 1085, 382, 1086, 382, 1087, 382, 1087, 382, 1089, 384, 1090, 385, 1092, 388, 1093, 388, 1095, 388, 1097, 393, 1098, 396, 1103, 399, 1107, 398, 1120, 400, 1133, 398, 1327, 298, 1480, 210, 1879, 138, 2060, 128, 2357, 117, 2587, 114, 2684, 108, 2936, 92, 3061, 84, 3302, 71, 3436, 66, 3751, 60, 4024, 57, 4226, 57, 4304, 56, 4367, 57, 4456, 61, 4482, 72, 4428, 101, 4370, 132, 3784, 213, 3326, 231, 2578, 233, 2298, 235, 1889, 233, 1743, 232, 1531, 233, 1396, 232, 1309, 230, 1254, 230, 1234, 229, 
0, 1165, 228, 1163, 228, 1162, 228, 1161, 228, 1160, 226, 1160, 226, 1160, 226, 1160, 226, 1159, 227, 1158, 227, 1158, 225, 1158, 225, 1157, 225, 1157, 225, 1155, 226, 1154, 227, 1152, 228, 1152, 228, 1151, 229, 1150, 230, 1149, 230, 1148, 231, 1147, 230, 1147, 230, 1147, 230, 1147, 229, 1147, 228, 1148, 227, 1148, 226, 1149, 226, 1149, 226, 1149, 225, 1149, 225, 1149, 225, 1148, 224, 1148, 225, 1147, 225, 1146, 225, 1145, 225, 1144, 226, 1144, 226, 1144, 227, 1143, 229, 1143, 229, 1143, 229, 1143, 229, 1142, 229, 1142, 230, 1142, 230, 1142, 230, 1142, 230, 1142, 230, 1143, 230, 1143, 231, 1143, 231, 1143, 230, 1143, 230, 1143, 230, 1143, 230, 1143, 229, 
0, 1144, 230, 1144, 230, 1144, 230, 1143, 230, 1141, 230, 1140, 230, 1140, 230, 1140, 229, 1140, 229, 1140, 228, 1140, 228, 1140, 229, 1140, 230, 1140, 230, 1139, 230, 1139, 230, 1138, 231, 1138, 231, 1138, 231, 1138, 231, 1138, 231, 1138, 230, 1138, 229, 1139, 228, 1139, 228, 1141, 227, 1143, 227, 1144, 226, 1145, 226, 1146, 227, 1147, 228, 1147, 228, 1147, 229, 1149, 231, 1149, 231, 1150, 232, 1150, 232, 1150, 232, 1151, 231, 1152, 231, 1152, 231, 1154, 230, 1154, 231, 1156, 230, 1156, 230, 1156, 230, 1158, 230, 1158, 231, 1159, 232, 1160, 232, 1161, 232, 1162, 231, 1163, 231, 1165, 230, 1167, 232, 1168, 230, 1169, 230, 1170, 230, 1170, 230, 1170, 230, 
0, 1169, 235, 1169, 235, 1169, 234, 1169, 235, 1170, 235, 1169, 235, 1168, 235, 1168, 235, 1168, 235, 1167, 234, 1167, 234, 1166, 233, 1165, 233, 1165, 232, 1165, 232, 1166, 231, 1167, 231, 1167, 231, 1167, 231, 1168, 231, 1169, 231, 1170, 231, 1170, 230, 1171, 230, 1171, 231, 1172, 231, 1172, 231, 1173, 231, 1173, 231, 1173, 232, 1173, 232, 1172, 232, 1172, 232, 1171, 232, 1169, 233, 1168, 233, 1166, 233, 1165, 233, 1164, 234, 1163, 234, 1162, 234, 1162, 234, 1161, 234, 1161, 234, 1161, 234, 1161, 234, 1160, 235, 1160, 235, 1159, 235, 1158, 234, 1158, 234, 1157, 234, 1157, 235, 1157, 234, 1157, 234, 1157, 234, 1158, 234, 1158, 234, 1158, 234, 1158, 234, 
1, 1158, 237, 1157, 237, 1156, 237, 1156, 237, 1156, 237, 1156, 238, 1156, 238, 1156, 238, 1154, 238, 1153, 238, 1152, 238, 1151, 238, 1150, 238, 1150, 237, 1149, 238, 1149, 238, 1149, 237, 1150, 237, 1151, 238, 1154, 238, 1160, 237, 1166, 237, 1193, 237, 1307, 172, 1814, 84, 2265, 71, 2460, 67, 2815, 59, 3008, 56, 3336, 51, 3618, 48, 3772, 47, 4056, 45, 4165, 44, 4332, 43, 4395, 43, 4490, 43, 4525, 44, 4577, 45, 4610, 46, 4621, 46, 4631, 48, 4630, 48, 4624, 51, 4619, 54, 4607, 61, 4589, 67, 4538, 93, 4490, 124, 3906, 277, 2984, 272, 2638, 273, 2127, 273, 1942, 274, 1674, 281, 1500, 287, 1438, 287, 1348, 285, 1289, 281, 1252, 280, 
0, 1195, 276, 1193, 275, 1192, 275, 1192, 276, 1191, 275, 1191, 274, 1191, 273, 1191, 272, 1192, 272, 1192, 272, 1192, 272, 1192, 272, 1192, 273, 1192, 272, 1192, 273, 1192, 272, 1192, 271, 1192, 270, 1191, 269, 1192, 271, 1191, 272, 1192, 271, 1192, 272, 1192, 272, 1192, 272, 1192, 270, 1193, 269, 1193, 268, 1194, 269, 1194, 270, 1194, 272, 1194, 273, 1194, 271, 1194, 273, 1193, 272, 1193, 273, 1193, 274, 1193, 273, 1192, 273, 1190, 272, 1190, 273, 1188, 273, 1187, 273, 1185, 271, 1184, 270, 1183, 270, 1182, 270, 1180, 270, 1180, 270, 1180, 269, 1179, 270, 1178, 271, 1177, 271, 1176, 271, 1175, 270, 1173, 271, 1173, 271, 1172, 271, 1172, 271, 1172, 271, 
1, 1169, 270, 1168, 271, 1167, 270, 1166, 269, 1165, 269, 1164, 269, 1163, 269, 1162, 269, 1162, 270, 1162, 271, 1161, 270, 1161, 271, 1161, 271, 1160, 271, 1160, 272, 1159, 272, 1159, 273, 1159, 275, 1158, 276, 1158, 278, 1158, 280, 1158, 281, 1157, 283, 1156, 283, 1156, 281, 1156, 281, 1157, 280, 1162, 279, 1174, 278, 1213, 277, 1351, 244, 1731, 153, 2041, 141, 2156, 144, 2328, 148, 2459, 144, 2578, 126, 2642, 109, 2791, 83, 2976, 67, 3155, 61, 3232, 59, 3395, 56, 3539, 56, 3592, 57, 3666, 60, 3703, 66, 3706, 71, 3676, 92, 3637, 113, 3312, 239, 3012, 366, 2400, 365, 2166, 368, 1819, 367, 1692, 365, 1507, 366, 1441, 363, 1345, 360, 1284, 360, 
0, 1198, 354, 1194, 353, 1193, 353, 1193, 354, 1193, 354, 1193, 356, 1193, 356, 1193, 356, 1193, 356, 1193, 357, 1193, 355, 1193, 356, 1193, 358, 1193, 358, 1193, 358, 1192, 356, 1192, 354, 1192, 355, 1192, 353, 1192, 354, 1193, 353, 1193, 353, 1193, 352, 1195, 349, 1195, 350, 1195, 350, 1195, 349, 1196, 349, 1196, 349, 1196, 350, 1196, 351, 1196, 351, 1196, 353, 1196, 353, 1196, 353, 1195, 353, 1195, 357, 1195, 359, 1195, 360, 1193, 364, 1192, 367, 1189, 366, 1188, 367, 1185, 369, 1184, 367, 1182, 367, 1181, 367, 1180, 367, 1180, 366, 1180, 364, 1179, 362, 1179, 362, 1179, 359, 1179, 358, 1180, 356, 1180, 355, 1180, 353, 1180, 353, 1180, 350, 1180, 349, 
0, 1188, 360, 1189, 362, 1190, 365, 1190, 371, 1190, 371, 1189, 372, 1188, 374, 1188, 376, 1186, 380, 1185, 382, 1183, 382, 1182, 383, 1181, 382, 1179, 381, 1178, 381, 1177, 378, 1177, 378, 1176, 375, 1176, 375, 1176, 373, 1177, 372, 1177, 371, 1177, 370, 1177, 369, 1178, 369, 1178, 368, 1178, 368, 1178, 368, 1178, 369, 1178, 369, 1177, 371, 1176, 372, 1176, 373, 1175, 374, 1174, 376, 1172, 378, 1171, 378, 1169, 377, 1168, 377, 1166, 379, 1165, 379, 1164, 380, 1162, 380, 1161, 379, 1161, 379, 1161, 377, 1162, 376, 1162, 376, 1164, 374, 1164, 373, 1166, 373, 1167, 373, 1168, 372, 1169, 370, 1169, 370, 1170, 368, 1171, 368, 1172, 366, 1173, 366, 1173, 366, 
0, 1173, 367, 1173, 367, 1172, 367, 1171, 366, 1171, 367, 1170, 367, 1170, 367, 1170, 366, 1170, 366, 1171, 366, 1173, 366, 1174, 365, 1175, 366, 1175, 366, 1176, 366, 1176, 365, 1176, 366, 1176, 366, 1176, 366, 1176, 367, 1177, 367, 1177, 367, 1177, 367, 1177, 367, 1177, 366, 1177, 365, 1178, 367, 1178, 367, 1179, 366, 1179, 366, 1179, 367, 1179, 367, 1179, 367, 1179, 367, 1179, 367, 1179, 367, 1179, 368, 1180, 368, 1181, 367, 1182, 368, 1184, 368, 1184, 368, 1185, 368, 1186, 367, 1187, 366, 1188, 366, 1189, 367, 1191, 368, 1191, 368, 1192, 368, 1192, 369, 1192, 371, 1192, 370, 1191, 370, 1190, 370, 1190, 369, 1189, 368, 1188, 367, 1186, 367, 1186, 366, 
1, 1187, 365, 1188, 364, 1188, 364, 1188, 364, 1188, 364, 1188, 364, 1190, 362, 1191, 362, 1197, 362, 1215, 361, 1497, 160, 1995, 103, 2415, 92, 2736, 87, 3132, 80, 3282, 77, 3548, 73, 3758, 70, 3839, 68, 3971, 65, 4079, 63, 4128, 63, 4258, 62, 4381, 62, 4427, 61, 4499, 63, 4527, 63, 4576, 63, 4596, 63, 4633, 64, 4650, 64, 4676, 64, 4696, 65, 4704, 65, 4718, 67, 4723, 68, 4730, 71, 4732, 75, 4723, 90, 4706, 131, 4639, 186, 3923, 350, 2975, 350, 2345, 348, 1933, 349, 1785, 350, 1571, 351, 1432, 349, 1382, 348, 1310, 345, 1265, 344, 1249, 351, 1224, 352, 1216, 350, 1204, 347, 1200, 345, 1195, 345, 1194, 346, 1194, 347, 1193, 347, 
0, 1184, 350, 1182, 349, 1181, 349, 1180, 349, 1180, 349, 1180, 347, 1179, 347, 1179, 345, 1179, 345, 1179, 344, 1179, 343, 1179, 343, 1179, 343, 1179, 342, 1179, 341, 1179, 341, 1180, 340, 1180, 340, 1180, 340, 1180, 339, 1179, 340, 1179, 340, 1179, 340, 1179, 339, 1179, 338, 1179, 338, 1179, 339, 1180, 338, 1180, 340, 1181, 339, 1182, 338, 1182, 338, 1185, 338, 1185, 339, 1186, 337, 1188, 336, 1189, 336, 1190, 335, 1191, 334, 1191, 336, 1192, 337, 1192, 335, 1193, 336, 1194, 336, 1194, 336, 1194, 335, 1195, 336, 1195, 336, 1196, 337, 1196, 336, 1196, 337, 1196, 337, 1196, 338, 1196, 336, 1196, 336, 1197, 335, 1197, 334, 1198, 332, 1198, 333, 1198, 334, 
0, 1198, 334, 1198, 334, 1197, 332, 1197, 333, 1197, 332, 1197, 331, 1197, 331, 1197, 331, 1198, 332, 1198, 332, 1198, 333, 1199, 334, 1199, 335, 1199, 337, 1199, 337, 1199, 339, 1199, 342, 1199, 344, 1199, 343, 1198, 343, 1198, 341, 1198, 340, 1198, 339, 1198, 339, 1197, 338, 1196, 336, 1196, 336, 1195, 334, 1194, 333, 1194, 333, 1194, 333, 1194, 332, 1194, 331, 1194, 331, 1194, 330, 1194, 330, 1194, 330, 1194, 331, 1194, 333, 1193, 335, 1192, 336, 1191, 337, 1190, 337, 1188, 338, 1188, 340, 1187, 340, 1187, 339, 1186, 339, 1186, 337, 1186, 336, 1186, 336, 1186, 335, 1186, 336, 1186, 335, 1185, 334, 1186, 333, 1186, 333, 1186, 333, 1186, 332, 1186, 332, 
1, 1185, 332, 1185, 332, 1185, 333, 1185, 333, 1185, 334, 1185, 334, 1185, 335, 1186, 337, 1184, 338, 1184, 340, 1184, 340, 1183, 339, 1182, 339, 1182, 339, 1182, 338, 1182, 338, 1182, 338, 1182, 338, 1182, 338, 1182, 339, 1182, 338, 1182, 338, 1181, 338, 1182, 339, 1183, 338, 1185, 338, 1186, 339, 1190, 340, 1191, 339, 1196, 339, 1205, 340, 1213, 340, 1285, 355, 1448, 231, 1899, 137, 2295, 125, 2439, 125, 2656, 123, 2740, 120, 2879, 111, 2938, 106, 3119, 91, 3399, 81, 3535, 77, 3776, 72, 3886, 69, 4070, 67, 4144, 67, 4267, 66, 4316, 65, 4397, 63, 4430, 64, 4481, 63, 4519, 63, 4536, 63, 4563, 64, 4573, 66, 4588, 71, 4591, 75, 4584, 92, 
0, 1968, 355, 1700, 354, 1604, 354, 1465, 351, 1376, 351, 1319, 349, 1283, 346, 1270, 345, 1252, 343, 1241, 344, 1234, 344, 1231, 344, 1228, 342, 1227, 344, 1226, 345, 1226, 346, 1224, 347, 1223, 345, 1223, 345, 1222, 345, 1220, 344, 1220, 344, 1220, 343, 1219, 342, 1218, 342, 1218, 342, 1218, 341, 1218, 341, 1218, 341, 1218, 341, 1218, 340, 1218, 340, 1218, 339, 1218, 338, 1218, 337, 1218, 337, 1218, 337, 1218, 336, 1217, 336, 1217, 335, 1217, 335, 1216, 335, 1216, 335, 1215, 336, 1215, 336, 1214, 338, 1214, 339, 1211, 340, 1209, 342, 1209, 342, 1208, 343, 1207, 344, 1205, 344, 1204, 344, 1202, 344, 1201, 344, 1201, 343, 1201, 345, 1201, 345, 1201, 345, 
1, 1201, 343, 1201, 344, 1201, 347, 1201, 347, 1200, 348, 1200, 349, 1199, 348, 1199, 348, 1198, 347, 1198, 346, 1198, 345, 1199, 344, 1200, 343, 1200, 343, 1200, 342, 1200, 341, 1200, 341, 1202, 340, 1203, 340, 1203, 339, 1204, 339, 1204, 340, 1204, 341, 1204, 342, 1204, 344, 1204, 348, 1203, 351, 1203, 351, 1202, 353, 1202, 354, 1201, 355, 1200, 354, 1200, 354, 1200, 352, 1200, 350, 1200, 350, 1200, 349, 1200, 349, 1200, 348, 1201, 349, 1201, 349, 1204, 349, 1207, 351, 1209, 352, 1216, 354, 1231, 355, 1403, 235, 1600, 161, 1982, 118, 2478, 115, 2682, 114, 3010, 108, 3143, 101, 3359, 86, 3448, 79, 3601, 70, 3726, 64, 3780, 64, 3924, 63, 3997, 63, 
0, 4239, 96, 4149, 148, 3716, 330, 2859, 372, 2277, 369, 1894, 368, 1645, 363, 1427, 364, 1343, 360, 1289, 361, 1270, 361, 1243, 358, 1225, 355, 1218, 354, 1209, 351, 1204, 351, 1202, 350, 1199, 351, 1198, 352, 1197, 353, 1195, 352, 1195, 352, 1194, 353, 1194, 353, 1194, 356, 1193, 359, 1193, 358, 1193, 355, 1193, 355, 1193, 353, 1194, 352, 1195, 352, 1196, 349, 1196, 348, 1197, 347, 1197, 346, 1198, 345, 1198, 344, 1199, 344, 1199, 343, 1199, 343, 1200, 342, 1200, 342, 1200, 342, 1200, 344, 1199, 347, 1197, 349, 1196, 351, 1193, 360, 1190, 364, 1185, 373, 1182, 380, 1172, 396, 1163, 405, 1122, 436, 1090, 452, 1011, 487, 907, 508, 853, 509, 758, 510, 
0, -28, 727, -15, 700, -7, 677, -4, 677, -4, 676, -10, 657, -14, 646, -19, 650, -22, 668, -27, 680, -29, 680, -31, 679, -33, 670, -35, 668, -38, 668, -46, 663, -56, 659, -67, 657, -75, 652, -82, 646, -87, 643, -89, 640, -91, 635, -94, 640, -96, 641, -98, 648, -97, 669, -94, 674, -91, 667, -88, 668, -89, 687, -91, 687, -91, 689, -92, 690, -88, 677, -85, 672, -86, 654, -94, 646, -116, 651, -141, 652, -146, 647, -140, 637, -130, 636, -123, 640, -112, 656, -101, 665, -94, 663, -79, 652, -65, 649, -59, 650, -50, 640, -42, 628, -38, 620, -40, 610, -39, 607, -37, 599, -31, 598, -19, 601, -9, 604, -4, 605, 
0, 0, 621, -13, 612, -39, 612, -54, 619, -69, 626, -75, 630, -82, 639, -83, 651, -85, 676, -78, 673, -69, 666, -65, 661, -62, 652, -61, 650, -61, 653, -65, 656, -69, 653, -72, 648, -74, 640, -70, 635, -61, 605, -46, 506, -38, 468, -23, 443, -19, 418, -16, 395, -20, 445, -25, 465, -39, 486, -45, 536, -53, 678, -54, 709, -53, 709, -50, 709, -44, 707, -39, 707, -30, 703, -25, 701, -23, 701, -24, 698, -26, 698, -25, 694, -24, 693, -22, 690, -21, 680, -10, 668, -13, 658, -35, 658, -81, 682, -75, 666, -40, 651, -27, 635, -7, 616, 0, 614, 4, 640, 10, 657, 14, 659, 23, 668, 28, 676, 31, 668, 
0, 65, 680, 67, 683, 55, 679, 31, 678, -45, 677, -117, 684, -135, 685, -151, 684, -151, 681, -145, 687, -120, 687, -107, 679, -78, 644, -47, 603, -33, 584, -12, 574, 0, 566, 7, 556, 11, 549, 15, 543, 16, 533, 12, 540, 2, 575, -6, 599, -8, 616, -27, 657, -37, 652, -42, 663, -40, 572, -38, 648, -41, 649, -50, 639, -59, 643, -83, 647, -121, 639, -145, 643, -193, 661, -208, 666, -183, 662, -167, 657, -143, 646, -140, 645, -153, 647, -165, 644, -194, 643, -214, 640, -218, 637, -203, 633, -189, 633, -158, 637, -143, 648, -107, 653, -88, 653, -52, 661, -21, 660, -7, 657, 18, 648, 30, 647, 52, 633, 61, 607, 
0, 78, 668, 74, 661, 69, 644, 66, 641, 60, 644, 57, 644, 57, 645, 60, 647, 60, 645, 58, 651, 57, 653, 58, 651, 59, 650, 59, 644, 57, 643, 51, 642, 39, 640, 19, 640, 6, 639, -5, 638, -16, 635, -22, 635, -36, 644, -44, 649, -64, 654, -85, 650, -99, 650, -122, 648, -145, 651, -156, 651, -166, 651, -181, 647, -195, 644, -201, 647, -196, 645, -193, 643, -188, 646, -173, 645, -151, 644, -136, 644, -125, 649, -118, 651, -107, 654, -97, 652, -87, 651, -78, 653, -68, 653, -63, 654, -58, 654, -50, 655, -41, 656, -37, 655, -29, 654, -22, 655, -19, 655, -13, 655, -8, 655, -3, 658, -1, 659, 1, 663, 
0, 30, 667, 34, 665, 36, 669, 38, 672, 28, 722, 18, 727, 14, 732, 9, 728, 12, 699, 21, 678, 32, 647, 37, 639, 46, 649, 49, 654, 53, 655, 59, 659, 63, 660, 70, 658, 72, 656, 76, 648, 83, 643, 87, 641, 96, 645, 123, 689, 142, 650, 165, 687, 175, 704, 187, 705, 193, 697, 197, 706, 193, 692, 180, 671, 176, 671, 165, 658, 152, 665, 146, 668, 137, 669, 134, 670, 129, 675, 127, 673, 124, 672, 123, 673, 123, 674, 125, 677, 125, 678, 126, 683, 126, 686, 124, 694, 122, 697, 116, 703, 113, 705, 98, 706, 92, 707, 86, 708, 77, 707, 70, 707, 67, 707, 68, 706, 72, 703, 76, 703, 
0, 82, 722, 88, 723, 93, 723, 103, 723, 114, 724, 123, 720, 125, 711, 122, 711, 110, 711, 96, 711, 83, 714, 75, 714, 62, 714, 54, 714, 48, 713, 46, 712, 43, 712, 41, 711, 40, 711, 38, 711, 38, 711, 38, 710, 37, 710, 37, 710, 37, 710, 37, 710, 37, 709, 37, 709, 37, 708, 37, 708, 37, 708, 37, 707, 38, 708, 38, 707, 38, 707, 38, 707, 38, 707, 38, 707, 38, 707, 38, 707, 38, 707, 38, 706, 38, 706, 38, 706, 38, 706, 38, 705, 38, 706, 38, 705, 38, 706, 38, 706, 38, 705, 38, 705, 38, 705, 38, 705, 38, 705, 38, 705, 38, 705, 38, 705, 38, 704, 38, 705, 
0, 38, 704, 39, 704, 39, 704, 39, 704, 39, 704, 39, 704, 39, 704, 39, 705, 39, 704, 39, 704, 39, 704, 39, 704, 39, 704, 39, 704, 39, 704, 39, 703, 39, 703, 39, 704, 39, 703, 39, 703, 39, 703, 39, 703, 39, 703, 39, 703, 39, 703, 39, 703, 39, 703, 39, 703, 39, 703, 39, 703, 39, 703, 39, 703, 39, 703, 39, 702, 39, 702, 39, 702, 39, 701, 39, 703, 39, 702, 39, 703, 39, 702, 39, 702, 39, 702, 39, 702, 39, 702, 39, 703, 39, 702, 39, 702, 39, 702, 39, 701, 39, 701, 39, 701, 39, 701, 39, 700, 39, 700, 39, 700, 39, 700, 39, 700, 39, 700, 39, 701, 
