0, 1096, 126, 1096, 126, 1095, 125, 1095, 125, 1095, 124, 1093, 124, 1092, 125, 1090, 125, 1090, 124, 1089, 125, 1089, 125, 1088, 125, 1086, 124, 1086, 124, 1089, 123, 1090, 122, 1095, 120, 1099, 119, 1112, 118, 1120, 117, 1140, 115, 1166, 113, 1182, 112, 1222, 109, 1246, 109, 1303, 108, 1332, 107, 1370, 109, 1376, 106, 1385, 103, 1389, 100, 1400, 98, 1416, 96, 1424, 95, 1441, 93, 1448, 92, 1455, 92, 1440, 91, 1430, 91, 1420, 90, 1423, 90, 1440, 90, 1456, 89, 1500, 88, 1552, 87, 1598, 85, 1614, 85, 1628, 85, 1657, 85, 1673, 84, 1704, 84, 1726, 84, 1736, 85, 1751, 84, 1763, 85, 1770, 85, 1780, 85, 1812, 85, 1860, 84, 1885, 84, 
0, 1946, 83, 1952, 83, 1956, 83, 1964, 84, 1973, 83, 1977, 83, 1984, 83, 1991, 83, 2008, 82, 2017, 81, 2038, 82, 2051, 83, 2088, 83, 2143, 83, 2170, 84, 2220, 85, 2266, 87, 2289, 88, 2335, 90, 2355, 90, 2395, 94, 2440, 97, 2459, 98, 2494, 99, 2514, 99, 2557, 101, 2588, 102, 2601, 102, 2630, 101, 2639, 101, 2653, 100, 2666, 100, 2677, 100, 2684, 101, 2686, 100, 2689, 101, 2691, 100, 2695, 99, 2698, 100, 2704, 99, 2707, 98, 2711, 98, 2712, 97, 2714, 97, 2721, 97, 2725, 96, 2726, 97, 2732, 96, 2736, 95, 2741, 94, 2743, 94, 2745, 93, 2746, 92, 2749, 92, 2755, 92, 2754, 91, 2739, 91, 2727, 91, 2706, 90, 2699, 91, 
0, 2713, 90, 2703, 90, 2697, 89, 2690, 89, 2684, 89, 2668, 89, 2650, 89, 2593, 90, 2534, 91, 2516, 91, 2526, 93, 2595, 92, 2620, 93, 2659, 95, 2670, 96, 2681, 97, 2696, 97, 2711, 98, 2748, 99, 2776, 108, 2762, 115, 2600, 141, 2443, 161, 2049, 178, 1716, 153, 1590, 147, 1405, 145, 1320, 149, 1131, 177, 1022, 206, 798, 375, 691, 509, 493, 369, 407, 368, 270, 360, 176, 364, 140, 359, 84, 351, 63, 354, 31, 367, 17, 367, -2, 370, -8, 375, -13, 381, -14, 419, -12, 476, -9, 540, -7, 502, -13, 481, -20, 449, -15, 405, -11, 355, -8, 343, -10, 355, -21, 392, -38, 474, -44, 528, -48, 520, -50, 537, -65, 689, 
0, -143, 160, -165, 153, -169, 149, -147, 163, -134, 171, -121, 175, -107, 161, -117, 136, -123, 125, -142, 129, -144, 138, -139, 137, -126, 133, -118, 127, -93, 124, -82, 121, -61, 119, -51, 119, -33, 121, -16, 131, -8, 137, 0, 141, 12, 140, 23, 135, 33, 131, 37, 129, 43, 126, 46, 126, 48, 128, 47, 129, 35, 132, 15, 132, 8, 133, 2, 135, 3, 134, 6, 134, 14, 134, 19, 131, 19, 128, 13, 120, 7, 129, 3, 137, -7, 148, -18, 158, -25, 160, -28, 159, -29, 155, -21, 152, -16, 148, -11, 141, -12, 146, -13, 152, -15, 156, -16, 157, -18, 164, -19, 169, -19, 178, -19, 185, -19, 190, -19, 193, 
0, -11, 214, -9, 221, -9, 216, -10, 212, -13, 214, -14, 222, -15, 232, -16, 250, -16, 270, -15, 319, -14, 326, -9, 342, -3, 355, -1, 358, 4, 347, 7, 330, 12, 311, 16, 327, 12, 332, 9, 333, 2, 325, 0, 328, -6, 328, -7, 323, -6, 323, -4, 332, -3, 337, -6, 348, -8, 354, -9, 358, -7, 355, -1, 355, 3, 348, 10, 337, 20, 320, 24, 315, 27, 296, 21, 296, 2, 292, -5, 290, -14, 296, -18, 301, -25, 315, -27, 318, -28, 337, -31, 335, -31, 305, -22, 407, -7, 434, 19, 464, 20, 453, 15, 424, 3, 428, -5, 432, -26, 423, -36, 420, -50, 400, -55, 408, -59, 391, -60, 376, 
0, -61, 367, -60, 367, -57, 366, -54, 369, -48, 384, -45, 405, -43, 409, -41, 413, -39, 412, -37, 410, -32, 410, -25, 410, -16, 424, -12, 440, -13, 463, -16, 447, -17, 413, -17, 397, -13, 407, -10, 412, -12, 413, -15, 409, -15, 386, -9, 335, -10, 315, -16, 311, -24, 316, -30, 316, -39, 310, -42, 310, -47, 308, -54, 318, -58, 318, -66, 318, -70, 324, -79, 331, -83, 331, -91, 328, -96, 320, -105, 318, -111, 330, -119, 319, -123, 319, -126, 334, -130, 346, -131, 356, -133, 377, -134, 377, -133, 364, -132, 361, -128, 343, -126, 339, -119, 333, -112, 329, -109, 329, -99, 332, -94, 336, -90, 341, -89, 341, -87, 338, 
0, -76, 323, -73, 320, -67, 308, -57, 302, -51, 303, -39, 293, -26, 276, -20, 236, -9, 191, -3, 182, 8, 171, 12, 170, 19, 167, 23, 167, 24, 167, 28, 166, 32, 166, 34, 169, 42, 175, 50, 182, 54, 188, 61, 199, 65, 211, 65, 219, 66, 247, 68, 304, 69, 339, 72, 363, 75, 375, 76, 383, 77, 390, 78, 393, 75, 405, 73, 411, 68, 397, 71, 420, 81, 389, 83, 388, 77, 386, 61, 371, 52, 359, 34, 372, 24, 381, 23, 390, 25, 383, 28, 379, 30, 372, 34, 364, 41, 381, 45, 397, 51, 405, 53, 407, 58, 407, 60, 407, 60, 426, 52, 433, 49, 430, 39, 426, 33, 422, 21, 422, 
0, 5, 380, 8, 377, 10, 373, 13, 366, 14, 362, 13, 353, 10, 349, 10, 354, 10, 352, 12, 352, 14, 358, 15, 357, 16, 353, 17, 352, 24, 352, 36, 347, 44, 344, 57, 338, 62, 336, 68, 336, 68, 366, 66, 364, 64, 366, 63, 371, 59, 375, 57, 371, 57, 362, 56, 353, 55, 353, 51, 346, 49, 347, 46, 349, 45, 349, 47, 343, 51, 346, 62, 338, 68, 334, 75, 328, 77, 326, 79, 330, 85, 332, 88, 333, 92, 332, 93, 328, 94, 320, 94, 314, 93, 307, 91, 303, 91, 302, 92, 300, 94, 299, 96, 306, 97, 314, 98, 324, 96, 328, 90, 336, 86, 335, 85, 334, 80, 332, 78, 331, 
0, 76, 317, 80, 311, 88, 294, 93, 285, 104, 270, 108, 263, 118, 253, 125, 249, 141, 243, 149, 241, 168, 240, 176, 239, 191, 235, 197, 233, 205, 230, 210, 227, 212, 227, 215, 223, 217, 223, 217, 223, 217, 222, 215, 222, 210, 223, 208, 224, 203, 224, 200, 224, 193, 224, 188, 223, 185, 222, 179, 222, 175, 221, 169, 219, 162, 217, 154, 217, 151, 217, 145, 217, 141, 216, 134, 216, 132, 217, 126, 219, 122, 220, 114, 220, 110, 220, 101, 222, 94, 226, 91, 228, 87, 227, 86, 227, 86, 225, 89, 222, 91, 221, 94, 220, 96, 219, 98, 219, 98, 219, 98, 217, 99, 215, 99, 214, 99, 213, 99, 213, 
0, 99, 214, 99, 214, 99, 214, 99, 213, 100, 210, 100, 208, 101, 203, 104, 199, 107, 196, 107, 193, 107, 192, 105, 190, 104, 189, 103, 188, 101, 189, 100, 192, 100, 193, 99, 194, 99, 194, 99, 199, 99, 203, 98, 206, 93, 209, 90, 210, 88, 214, 88, 218, 88, 227, 87, 235, 85, 251, 84, 257, 80, 267, 78, 276, 77, 280, 74, 291, 74, 300, 72, 320, 70, 335, 66, 379, 63, 420, 59, 472, 58, 459, 55, 452, 49, 452, 46, 449, 44, 467, 44, 492, 43, 558, 41, 543, 40, 535, 45, 529, 50, 527, 63, 515, 72, 501, 86, 479, 96, 467, 101, 465, 108, 464, 111, 464, 115, 461, 117, 464, 
0, 120, 364, 119, 365, 116, 364, 113, 362, 111, 361, 107, 355, 105, 355, 101, 356, 98, 361, 96, 362, 93, 358, 90, 359, 85, 358, 84, 364, 84, 373, 85, 367, 87, 358, 87, 356, 88, 350, 90, 345, 91, 342, 91, 334, 91, 333, 91, 329, 92, 332, 95, 334, 96, 337, 99, 342, 100, 340, 102, 337, 105, 336, 107, 336, 111, 337, 113, 336, 117, 334, 119, 334, 122, 332, 124, 332, 127, 331, 128, 330, 129, 331, 130, 333, 130, 334, 132, 345, 133, 347, 135, 345, 134, 344, 134, 342, 135, 340, 135, 340, 136, 340, 136, 340, 136, 341, 136, 342, 137, 343, 137, 346, 137, 347, 137, 347, 138, 347, 138, 345, 
0, 139, 346, 139, 347, 139, 349, 140, 351, 140, 353, 140, 354, 141, 354, 143, 352, 143, 352, 145, 350, 146, 349, 146, 350, 148, 348, 150, 348, 151, 349, 153, 351, 155, 349, 156, 349, 158, 349, 158, 350, 159, 351, 160, 352, 161, 354, 161, 358, 162, 360, 162, 366, 162, 370, 162, 373, 161, 372, 159, 371, 152, 362, 146, 356, 137, 359, 128, 356, 125, 358, 121, 365, 118, 369, 116, 370, 113, 372, 110, 375, 108, 373, 107, 372, 105, 371, 104, 371, 103, 371, 101, 377, 99, 378, 98, 378, 96, 377, 94, 378, 90, 380, 88, 381, 85, 383, 83, 384, 80, 388, 79, 388, 75, 391, 71, 393, 69, 391, 66, 394, 
1, 60, 387, 60, 387, 59, 386, 58, 384, 58, 385, 57, 383, 55, 383, 54, 382, 52, 382, 52, 381, 51, 381, 50, 381, 50, 381, 49, 382, 50, 382, 50, 382, 50, 382, 51, 382, 52, 382, 52, 382, 53, 381, 54, 383, 54, 383, 55, 384, 55, 384, 56, 385, 56, 387, 57, 387, 58, 392, 59, 393, 64, 390, 67, 391, 72, 393, 75, 392, 82, 394, 88, 397, 91, 404, 91, 403, 90, 406, 87, 408, 87, 401, 88, 396, 90, 391, 98, 386, 108, 387, 153, 391, 240, 388, 434, 388, 584, 381, 634, 377, 629, 409, 562, 407, 421, 399, 361, 391, 265, 393, 229, 388, 178, 379, 158, 383, 129, 383, 112, 385, 
0, 164, 388, 234, 370, 335, 483, 395, 513, 745, 455, 1151, 365, 1326, 318, 1669, 263, 1875, 233, 2619, 187, 2930, 167, 3427, 142, 3797, 124, 3938, 112, 4117, 99, 4195, 92, 4169, 88, 3989, 74, 3735, 65, 3587, 70, 3138, 183, 2541, 295, 2041, 328, 1832, 357, 1405, 429, 1087, 421, 875, 417, 797, 417, 686, 412, 648, 411, 591, 409, 570, 411, 536, 411, 521, 411, 500, 412, 492, 410, 481, 408, 474, 409, 473, 410, 474, 409, 476, 407, 477, 406, 479, 405, 481, 402, 481, 401, 482, 402, 482, 404, 482, 404, 482, 404, 486, 403, 489, 403, 493, 400, 497, 400, 501, 402, 505, 403, 506, 401, 509, 399, 509, 399, 510, 399, 510, 394, 
1, 520, 372, 520, 371, 520, 369, 520, 369, 520, 370, 518, 369, 513, 369, 511, 368, 508, 365, 508, 361, 512, 359, 514, 357, 515, 356, 518, 352, 523, 351, 530, 349, 534, 347, 540, 346, 546, 346, 549, 346, 553, 345, 555, 345, 559, 345, 564, 343, 566, 343, 566, 343, 566, 342, 565, 342, 563, 342, 561, 341, 561, 341, 561, 342, 561, 341, 561, 341, 561, 342, 562, 340, 563, 340, 567, 341, 570, 342, 580, 342, 600, 308, 661, 278, 690, 272, 745, 271, 796, 268, 819, 270, 858, 277, 878, 281, 924, 283, 960, 274, 1051, 254, 1103, 245, 1227, 221, 1304, 205, 1579, 168, 1922, 138, 2111, 125, 2459, 102, 2588, 93, 2827, 75, 
0, 2531, 231, 2078, 419, 1880, 463, 1433, 676, 1120, 659, 926, 652, 805, 645, 722, 642, 659, 642, 609, 638, 570, 637, 553, 636, 527, 637, 509, 636, 503, 636, 498, 637, 498, 636, 503, 634, 509, 632, 513, 631, 522, 630, 526, 631, 531, 629, 533, 629, 536, 628, 537, 626, 539, 626, 539, 626, 539, 624, 540, 623, 541, 624, 541, 622, 542, 619, 544, 619, 546, 620, 550, 617, 552, 616, 555, 618, 556, 619, 558, 617, 559, 617, 560, 616, 562, 615, 562, 613, 562, 614, 563, 614, 565, 613, 566, 614, 567, 614, 571, 613, 572, 614, 574, 613, 575, 612, 577, 612, 577, 613, 578, 612, 579, 610, 579, 612, 579, 612, 579, 610, 
1, 577, 608, 578, 609, 578, 608, 578, 608, 579, 608, 580, 608, 580, 607, 582, 607, 582, 607, 582, 607, 582, 606, 581, 606, 581, 606, 581, 607, 581, 607, 581, 606, 582, 606, 582, 606, 581, 607, 580, 606, 580, 607, 580, 607, 580, 606, 580, 607, 580, 606, 581, 606, 583, 606, 590, 606, 598, 606, 656, 575, 742, 505, 1001, 362, 1249, 323, 1686, 286, 2051, 262, 2234, 250, 2694, 220, 2965, 203, 3491, 168, 3682, 147, 4042, 97, 3820, 75, 3675, 71, 3331, 149, 2996, 197, 2500, 267, 2241, 519, 1868, 570, 1710, 570, 1366, 569, 1123, 562, 1034, 564, 960, 563, 848, 558, 807, 557, 748, 557, 709, 557, 693, 557, 667, 558, 650, 559, 
0, 639, 556, 645, 559, 648, 559, 653, 556, 658, 554, 664, 555, 669, 554, 672, 553, 674, 553, 676, 552, 677, 551, 679, 550, 679, 550, 679, 551, 679, 551, 679, 550, 679, 551, 679, 550, 680, 550, 681, 550, 681, 549, 682, 548, 683, 549, 683, 549, 682, 549, 682, 548, 682, 547, 682, 546, 682, 546, 682, 546, 682, 547, 682, 546, 682, 545, 682, 546, 682, 544, 680, 544, 680, 544, 680, 543, 680, 543, 679, 544, 677, 544, 675, 543, 674, 544, 671, 544, 669, 545, 667, 543, 667, 543, 667, 543, 669, 542, 669, 542, 670, 541, 670, 541, 671, 541, 671, 541, 671, 541, 671, 540, 671, 540, 671, 540, 671, 540, 672, 539, 
0, 677, 538, 677, 538, 677, 538, 677, 537, 677, 538, 677, 538, 678, 538, 678, 538, 679, 538, 679, 539, 680, 539, 680, 541, 680, 541, 680, 541, 680, 541, 681, 541, 681, 540, 681, 541, 681, 541, 681, 541, 681, 542, 682, 542, 682, 541, 682, 541, 681, 540, 681, 540, 680, 540, 680, 540, 680, 540, 680, 539, 679, 539, 679, 539, 679, 539, 679, 538, 679, 539, 678, 539, 678, 538, 677, 538, 677, 538, 677, 537, 678, 537, 678, 537, 678, 537, 678, 536, 678, 537, 678, 536, 677, 535, 676, 536, 675, 536, 675, 537, 675, 536, 674, 536, 673, 536, 672, 537, 671, 536, 669, 537, 668, 537, 666, 537, 664, 537, 663, 538, 
1, 661, 537, 661, 537, 661, 537, 660, 537, 659, 537, 659, 536, 659, 537, 659, 537, 658, 537, 658, 536, 657, 536, 657, 535, 656, 535, 656, 537, 656, 536, 654, 536, 653, 535, 651, 536, 651, 536, 652, 538, 653, 537, 655, 537, 657, 536, 660, 537, 679, 535, 911, 356, 1113, 283, 1337, 243, 1799, 205, 2018, 191, 2466, 161, 2965, 135, 3098, 122, 3209, 93, 3293, 83, 3242, 70, 3213, 80, 2969, 161, 2712, 191, 2317, 281, 1936, 533, 1787, 568, 1544, 565, 1411, 566, 1168, 567, 1075, 568, 932, 567, 830, 565, 792, 564, 735, 562, 713, 561, 680, 565, 667, 563, 649, 565, 638, 566, 636, 567, 637, 564, 638, 565, 643, 564, 649, 563, 
0, 684, 557, 686, 557, 689, 556, 691, 556, 691, 556, 691, 558, 691, 556, 692, 558, 693, 556, 695, 555, 696, 555, 696, 553, 697, 553, 697, 554, 698, 553, 699, 554, 701, 553, 702, 553, 704, 552, 707, 553, 708, 552, 710, 554, 711, 553, 713, 553, 714, 554, 716, 554, 717, 554, 717, 553, 718, 553, 718, 553, 718, 552, 718, 552, 718, 551, 718, 551, 718, 549, 718, 549, 718, 550, 718, 551, 718, 551, 717, 551, 717, 550, 717, 549, 717, 548, 717, 549, 716, 549, 715, 548, 713, 547, 711, 548, 711, 548, 710, 546, 708, 546, 707, 544, 706, 544, 706, 544, 705, 545, 703, 545, 701, 544, 699, 546, 698, 545, 696, 545, 
0, 688, 545, 687, 544, 686, 544, 685, 544, 685, 542, 685, 542, 685, 544, 685, 543, 685, 544, 685, 543, 685, 543, 685, 542, 685, 542, 685, 542, 685, 542, 685, 543, 684, 544, 683, 543, 682, 543, 682, 543, 681, 543, 681, 543, 681, 543, 681, 543, 680, 544, 680, 543, 680, 543, 680, 544, 680, 543, 680, 543, 680, 542, 680, 542, 680, 542, 680, 541, 680, 541, 681, 541, 681, 540, 681, 540, 681, 539, 681, 539, 681, 540, 681, 541, 680, 541, 680, 541, 679, 541, 679, 540, 679, 541, 679, 541, 679, 541, 679, 541, 679, 540, 679, 541, 680, 540, 680, 540, 680, 539, 680, 539, 680, 538, 680, 539, 680, 539, 680, 539, 
0, 680, 538, 680, 538, 680, 537, 681, 537, 681, 537, 682, 537, 684, 537, 686, 537, 687, 537, 690, 537, 691, 537, 693, 537, 696, 536, 697, 537, 701, 536, 705, 536, 707, 536, 710, 537, 712, 537, 712, 537, 712, 538, 712, 538, 712, 538, 712, 539, 712, 539, 712, 541, 712, 540, 713, 539, 714, 539, 716, 538, 717, 539, 717, 539, 717, 538, 718, 539, 718, 539, 719, 539, 719, 540, 719, 539, 721, 540, 721, 541, 721, 542, 721, 540, 722, 541, 724, 542, 724, 541, 725, 540, 726, 539, 727, 542, 728, 543, 729, 542, 731, 542, 732, 542, 734, 544, 734, 544, 735, 542, 736, 542, 736, 543, 736, 542, 737, 541, 738, 541, 
1, 739, 543, 739, 543, 739, 543, 740, 542, 740, 542, 740, 541, 740, 541, 740, 541, 741, 541, 741, 540, 741, 540, 740, 540, 740, 540, 740, 539, 740, 539, 740, 539, 740, 539, 738, 539, 737, 539, 737, 540, 737, 540, 736, 538, 735, 537, 733, 538, 732, 537, 733, 537, 737, 537, 742, 536, 774, 536, 1086, 308, 1292, 251, 1704, 197, 2078, 166, 2246, 153, 2572, 128, 2711, 116, 3015, 94, 3140, 86, 3325, 75, 3364, 70, 3384, 64, 3333, 104, 3171, 162, 2565, 278, 2021, 574, 1594, 580, 1428, 580, 1175, 576, 1081, 571, 940, 569, 888, 568, 806, 567, 776, 566, 727, 566, 692, 565, 665, 562, 655, 563, 641, 562, 636, 563, 631, 561, 
0, 640, 557, 646, 555, 649, 556, 654, 555, 659, 554, 662, 553, 666, 552, 668, 552, 670, 551, 671, 551, 673, 550, 673, 549, 674, 552, 673, 551, 672, 550, 671, 547, 670, 547, 671, 547, 671, 547, 672, 547, 672, 548, 672, 547, 672, 546, 672, 546, 672, 546, 673, 546, 674, 546, 674, 545, 675, 544, 677, 543, 679, 543, 679, 542, 680, 542, 681, 542, 681, 542, 681, 542, 682, 542, 682, 541, 682, 540, 683, 541, 683, 541, 685, 541, 687, 542, 688, 543, 692, 543, 693, 543, 695, 545, 697, 544, 698, 544, 699, 544, 701, 545, 702, 546, 703, 546, 704, 546, 706, 548, 709, 547, 711, 547, 712, 545, 712, 547, 714, 546, 
0, 717, 547, 717, 546, 718, 545, 719, 545, 719, 545, 719, 544, 720, 544, 721, 544, 721, 544, 722, 546, 722, 546, 722, 546, 722, 546, 723, 546, 725, 547, 725, 548, 726, 547, 728, 546, 727, 546, 728, 546, 728, 546, 728, 546, 728, 546, 729, 546, 730, 545, 730, 545, 730, 544, 731, 544, 732, 545, 732, 545, 732, 544, 732, 545, 733, 545, 733, 546, 733, 547, 733, 547, 732, 547, 731, 546, 730, 544, 729, 545, 728, 546, 727, 545, 725, 546, 724, 545, 722, 544, 721, 543, 720, 543, 719, 543, 719, 543, 718, 543, 718, 543, 716, 542, 713, 542, 712, 544, 710, 543, 709, 542, 709, 542, 709, 543, 708, 542, 708, 541, 
0, 705, 542, 704, 542, 704, 541, 704, 541, 703, 540, 703, 541, 703, 540, 705, 539, 707, 540, 708, 541, 710, 540, 711, 539, 712, 539, 712, 539, 712, 538, 711, 538, 712, 538, 711, 538, 711, 538, 711, 537, 711, 538, 711, 538, 711, 537, 711, 536, 711, 536, 711, 535, 711, 536, 711, 536, 712, 536, 712, 535, 712, 537, 712, 534, 713, 533, 713, 535, 712, 535, 712, 535, 712, 534, 712, 532, 711, 532, 709, 533, 709, 532, 709, 533, 709, 535, 709, 534, 708, 532, 708, 533, 709, 532, 709, 534, 708, 532, 708, 531, 707, 530, 707, 529, 706, 529, 706, 528, 706, 528, 706, 528, 706, 526, 707, 527, 707, 527, 709, 527, 
1, 714, 529, 715, 530, 716, 529, 717, 529, 719, 531, 721, 533, 721, 534, 723, 534, 724, 533, 725, 533, 727, 533, 731, 533, 732, 534, 733, 535, 734, 536, 736, 535, 736, 535, 737, 534, 738, 535, 739, 535, 743, 536, 747, 536, 766, 535, 842, 441, 1311, 209, 1584, 173, 2103, 137, 2510, 121, 2662, 115, 2836, 94, 2895, 83, 2968, 86, 2960, 124, 2641, 273, 2400, 250, 1957, 575, 1780, 567, 1487, 589, 1360, 590, 1162, 585, 1024, 581, 974, 582, 899, 583, 871, 582, 825, 584, 808, 584, 778, 583, 765, 583, 746, 583, 732, 582, 728, 583, 724, 583, 723, 582, 724, 581, 726, 581, 730, 580, 732, 578, 736, 575, 738, 575, 744, 573, 
0, 747, 573, 746, 573, 745, 572, 744, 572, 743, 571, 742, 570, 741, 570, 741, 570, 740, 570, 739, 570, 739, 569, 737, 568, 737, 569, 737, 568, 737, 568, 737, 567, 737, 568, 737, 566, 736, 567, 736, 569, 736, 569, 736, 569, 735, 569, 735, 569, 735, 569, 735, 569, 735, 568, 735, 567, 734, 568, 733, 565, 733, 566, 731, 566, 730, 566, 727, 565, 726, 566, 724, 567, 724, 566, 722, 566, 722, 566, 721, 565, 721, 566, 721, 565, 721, 565, 721, 565, 721, 565, 721, 565, 722, 565, 722, 565, 723, 564, 723, 563, 723, 563, 722, 563, 721, 562, 720, 562, 718, 562, 718, 564, 718, 562, 718, 563, 718, 563, 718, 562, 
0, 722, 561, 722, 561, 722, 561, 722, 559, 720, 560, 719, 561, 718, 561, 717, 560, 717, 560, 717, 560, 717, 560, 717, 559, 718, 559, 718, 559, 718, 559, 718, 559, 718, 559, 718, 558, 718, 558, 718, 558, 718, 558, 718, 558, 718, 558, 719, 557, 719, 557, 719, 557, 719, 557, 719, 557, 720, 557, 719, 557, 719, 558, 719, 557, 718, 558, 717, 558, 716, 558, 715, 558, 715, 558, 715, 558, 715, 558, 715, 557, 715, 557, 717, 557, 717, 556, 717, 556, 718, 556, 718, 555, 718, 556, 719, 555, 719, 556, 719, 556, 719, 556, 719, 556, 719, 556, 719, 556, 719, 556, 719, 555, 719, 554, 719, 555, 719, 555, 719, 555, 
1, 716, 556, 714, 557, 713, 556, 710, 555, 709, 555, 707, 553, 706, 554, 704, 554, 703, 554, 702, 554, 701, 553, 701, 553, 701, 554, 701, 554, 701, 554, 701, 556, 701, 557, 701, 556, 701, 554, 701, 554, 701, 552, 701, 551, 701, 551, 703, 567, 714, 557, 729, 526, 773, 469, 829, 376, 900, 351, 1317, 225, 1880, 144, 2234, 110, 2356, 106, 2529, 103, 2554, 122, 2316, 208, 1971, 332, 1637, 640, 1492, 642, 1272, 633, 1101, 629, 985, 628, 908, 624, 879, 623, 836, 623, 807, 622, 785, 622, 770, 624, 765, 626, 758, 629, 758, 624, 759, 623, 762, 622, 766, 623, 770, 621, 772, 620, 776, 621, 779, 621, 781, 617, 783, 618, 
0, 789, 623, 791, 620, 793, 616, 795, 616, 795, 615, 794, 614, 794, 613, 792, 614, 791, 613, 790, 613, 790, 613, 789, 611, 788, 612, 788, 612, 787, 612, 786, 613, 786, 612, 784, 617, 784, 616, 784, 618, 784, 615, 786, 611, 786, 611, 785, 612, 784, 613, 781, 610, 780, 610, 779, 610, 776, 610, 773, 611, 770, 614, 766, 620, 765, 620, 764, 621, 764, 619, 763, 616, 762, 615, 761, 616, 761, 616, 761, 614, 759, 612, 758, 611, 756, 610, 754, 610, 750, 612, 747, 613, 746, 613, 744, 613, 743, 612, 741, 614, 740, 613, 737, 613, 737, 611, 736, 609, 735, 608, 732, 607, 728, 608, 725, 607, 723, 604, 722, 605, 
0, 713, 605, 712, 607, 711, 609, 712, 611, 714, 610, 715, 610, 716, 609, 717, 610, 717, 609, 718, 608, 719, 606, 719, 607, 717, 606, 715, 607, 711, 606, 707, 606, 705, 606, 704, 606, 702, 605, 700, 606, 700, 605, 699, 604, 698, 605, 698, 604, 699, 603, 699, 603, 700, 602, 701, 601, 702, 600, 704, 601, 708, 600, 710, 599, 713, 598, 715, 596, 716, 596, 717, 596, 718, 596, 720, 596, 722, 597, 727, 597, 729, 598, 732, 600, 733, 600, 736, 600, 738, 599, 739, 599, 740, 598, 744, 600, 748, 599, 750, 599, 754, 599, 755, 599, 757, 600, 758, 601, 758, 604, 758, 604, 759, 604, 759, 605, 759, 604, 759, 605, 
1, 759, 606, 759, 607, 759, 606, 759, 607, 760, 607, 760, 607, 762, 606, 763, 606, 765, 607, 766, 607, 767, 607, 769, 608, 770, 608, 772, 608, 773, 607, 774, 605, 775, 607, 777, 606, 779, 607, 785, 604, 792, 590, 808, 562, 829, 531, 841, 507, 866, 456, 891, 421, 926, 400, 987, 370, 1248, 283, 1429, 251, 1835, 204, 2212, 161, 2538, 127, 2816, 98, 3008, 75, 3100, 72, 3092, 83, 2761, 190, 2516, 231, 2028, 592, 1824, 608, 1477, 613, 1343, 609, 1140, 606, 1064, 603, 954, 598, 880, 594, 852, 593, 811, 592, 795, 591, 769, 590, 759, 589, 743, 589, 734, 589, 731, 590, 728, 588, 728, 588, 731, 590, 733, 588, 737, 587, 
0, 753, 581, 755, 582, 757, 580, 757, 580, 758, 579, 758, 579, 758, 579, 758, 580, 758, 579, 757, 580, 756, 581, 756, 581, 754, 581, 753, 581, 751, 579, 750, 578, 750, 577, 750, 575, 750, 575, 750, 575, 751, 573, 752, 572, 752, 572, 753, 572, 753, 572, 753, 572, 753, 572, 753, 572, 753, 573, 752, 571, 748, 571, 746, 571, 744, 571, 742, 571, 739, 572, 738, 572, 736, 570, 735, 570, 735, 569, 735, 570, 735, 569, 735, 568, 736, 568, 736, 567, 737, 568, 737, 568, 738, 567, 739, 566, 740, 566, 741, 566, 743, 565, 744, 566, 746, 565, 747, 566, 748, 569, 749, 569, 751, 569, 751, 571, 754, 573, 755, 573, 
1, 759, 573, 759, 573, 760, 572, 760, 573, 762, 574, 763, 572, 763, 572, 765, 574, 767, 574, 768, 573, 769, 573, 771, 573, 773, 571, 774, 572, 775, 573, 776, 573, 777, 573, 777, 572, 778, 572, 779, 572, 780, 572, 781, 572, 782, 571, 785, 572, 787, 571, 791, 570, 796, 571, 800, 571, 810, 570, 819, 570, 891, 558, 1047, 310, 1428, 198, 1789, 165, 1946, 157, 2215, 145, 2439, 134, 2641, 118, 2740, 109, 2912, 89, 3031, 78, 3058, 81, 3039, 92, 2665, 234, 2399, 302, 1879, 654, 1503, 652, 1249, 646, 1081, 639, 1021, 641, 934, 640, 875, 636, 834, 635, 818, 634, 791, 632, 780, 632, 763, 631, 752, 631, 748, 630, 743, 627, 
0, 753, 621, 754, 621, 756, 622, 757, 620, 761, 620, 763, 620, 766, 618, 768, 617, 770, 618, 771, 616, 773, 615, 774, 616, 774, 615, 773, 615, 771, 614, 769, 615, 767, 614, 765, 614, 764, 612, 762, 612, 761, 612, 759, 611, 759, 611, 757, 609, 756, 610, 755, 610, 753, 609, 752, 611, 751, 610, 750, 611, 750, 610, 750, 609, 750, 609, 749, 609, 748, 608, 747, 608, 746, 608, 747, 606, 748, 605, 749, 606, 750, 606, 752, 604, 753, 604, 755, 603, 756, 604, 756, 603, 756, 603, 756, 602, 757, 603, 758, 603, 759, 602, 759, 604, 760, 604, 764, 604, 766, 606, 770, 606, 773, 606, 774, 607, 776, 607, 776, 608, 
0, 782, 607, 784, 607, 785, 606, 787, 607, 788, 607, 790, 606, 791, 606, 793, 605, 794, 605, 796, 604, 797, 604, 798, 604, 799, 604, 799, 605, 800, 606, 801, 606, 801, 606, 801, 606, 801, 607, 801, 606, 801, 606, 801, 604, 802, 605, 805, 605, 806, 605, 809, 605, 810, 606, 812, 606, 814, 604, 815, 605, 815, 604, 815, 607, 816, 607, 815, 606, 815, 606, 815, 605, 816, 605, 816, 604, 816, 603, 816, 603, 816, 604, 816, 604, 816, 604, 816, 603, 816, 603, 817, 603, 817, 603, 817, 603, 817, 603, 817, 603, 817, 603, 817, 603, 817, 603, 817, 602, 817, 602, 817, 601, 817, 600, 817, 601, 817, 602, 815, 601, 
1, 805, 601, 803, 601, 802, 600, 800, 599, 799, 599, 798, 598, 796, 598, 794, 598, 793, 599, 789, 599, 788, 597, 785, 597, 782, 597, 781, 597, 779, 598, 779, 597, 778, 597, 777, 598, 776, 598, 775, 598, 775, 598, 775, 599, 774, 597, 776, 599, 787, 600, 812, 573, 1051, 335, 1212, 281, 1547, 234, 1707, 222, 1996, 200, 2110, 185, 2396, 152, 2632, 122, 2712, 107, 2876, 83, 2942, 81, 3023, 81, 3023, 85, 2760, 167, 2568, 196, 2131, 559, 1928, 668, 1571, 682, 1425, 678, 1197, 675, 1046, 668, 991, 667, 909, 671, 877, 670, 828, 668, 808, 667, 777, 667, 756, 666, 743, 663, 739, 663, 738, 662, 738, 660, 741, 656, 743, 657, 
0, 765, 651, 770, 650, 773, 650, 775, 648, 777, 647, 783, 646, 785, 647, 789, 646, 792, 649, 795, 648, 796, 649, 798, 648, 798, 647, 799, 647, 799, 647, 799, 648, 800, 647, 802, 648, 803, 648, 807, 652, 810, 650, 812, 649, 814, 647, 815, 647, 817, 646, 817, 646, 819, 643, 820, 645, 820, 645, 822, 644, 824, 644, 826, 642, 829, 640, 829, 641, 829, 644, 827, 646, 825, 645, 822, 652, 819, 651, 817, 652, 808, 658, 800, 659, 788, 662, 776, 660, 758, 663, 733, 661, 705, 664, 676, 665, 648, 660, 622, 659, 600, 657, 592, 659, 579, 655, 574, 656, 569, 654, 571, 654, 573, 656, 580, 653, 584, 655, 583, 656, 
0, -17, 661, -16, 659, -10, 662, -5, 670, -3, 675, 0, 681, 2, 681, 6, 677, 11, 680, 13, 686, 25, 655, 35, 527, 66, 378, 91, 404, 168, 287, 303, 218, 386, 193, 717, 168, 926, 162, 1329, 157, 2012, 151, 2292, 148, 2774, 139, 3083, 121, 3180, 112, 3399, 99, 3494, 97, 3675, 94, 3759, 93, 3887, 94, 3934, 95, 3996, 99, 4011, 101, 3980, 106, 3944, 109, 3876, 113, 3847, 111, 3803, 103, 3898, 93, 4074, 86, 4160, 84, 4326, 79, 4445, 79, 4520, 76, 4552, 76, 4613, 74, 4711, 70, 4775, 69, 4832, 68, 4935, 66, 5010, 64, 5042, 63, 5103, 64, 5134, 63, 5201, 64, 5240, 63, 5290, 63, 5305, 63, 5306, 63, 5312, 65, 
0, 5268, 74, 5241, 73, 5217, 72, 5206, 72, 5184, 72, 5170, 72, 5162, 73, 5161, 73, 5160, 72, 5161, 71, 5168, 70, 5173, 70, 5185, 68, 5200, 67, 5214, 65, 5221, 66, 5237, 64, 5255, 65, 5264, 65, 5285, 65, 5297, 65, 5317, 65, 5326, 65, 5344, 65, 5353, 65, 5368, 65, 5379, 65, 5383, 66, 5388, 66, 5390, 65, 5395, 65, 5398, 65, 5403, 65, 5406, 65, 5408, 65, 5407, 64, 5403, 65, 5394, 65, 5389, 66, 5377, 66, 5362, 66, 5355, 66, 5349, 66, 5339, 66, 5328, 66, 5322, 67, 5308, 67, 5302, 67, 5294, 67, 5292, 67, 5282, 67, 5261, 67, 5249, 67, 5220, 68, 5204, 68, 5166, 68, 5145, 68, 5115, 68, 5101, 68, 5071, 68, 
0, 5031, 69, 5018, 69, 5010, 69, 4996, 70, 4987, 70, 4985, 71, 4984, 71, 4978, 71, 4965, 72, 4960, 72, 4950, 72, 4943, 71, 4928, 72, 4903, 71, 4889, 71, 4867, 72, 4858, 71, 4843, 72, 4838, 71, 4830, 72, 4828, 72, 4826, 72, 4823, 72, 4823, 72, 4822, 72, 4821, 72, 4817, 72, 4813, 71, 4805, 72, 4796, 72, 4790, 72, 4775, 72, 4767, 72, 4753, 72, 4747, 72, 4739, 72, 4735, 72, 4733, 71, 4733, 72, 4734, 71, 4744, 72, 4752, 71, 4766, 72, 4772, 72, 4793, 72, 4805, 72, 4836, 73, 4869, 73, 4887, 73, 4921, 74, 4938, 75, 4976, 77, 5017, 78, 5043, 80, 5111, 84, 5172, 85, 5181, 87, 5180, 90, 5164, 94, 5146, 97, 
0, 4491, 171, 4338, 173, 4098, 177, 3920, 174, 3740, 165, 3724, 158, 3785, 140, 3778, 122, 3736, 118, 3708, 111, 3722, 109, 3706, 107, 3701, 107, 3706, 106, 3708, 106, 3705, 109, 3717, 115, 3726, 119, 3591, 130, 3331, 146, 2915, 195, 2472, 316, 2215, 447, 1711, 501, 1460, 504, 1043, 509, 743, 503, 629, 507, 449, 513, 379, 512, 271, 511, 230, 507, 168, 499, 128, 501, 114, 500, 94, 497, 87, 496, 76, 496, 72, 493, 63, 492, 59, 491, 54, 491, 49, 488, 47, 488, 45, 485, 43, 483, 42, 482, 40, 480, 40, 480, 40, 479, 39, 478, 39, 480, 36, 479, 36, 478, 34, 476, 30, 476, 28, 476, 27, 475, 25, 474, 24, 474, 
0, 13, 473, 11, 474, 9, 472, 8, 471, 8, 471, 9, 470, 10, 469, 11, 469, 11, 469, 12, 469, 13, 469, 13, 468, 15, 467, 16, 467, 16, 466, 16, 466, 17, 466, 17, 466, 17, 466, 17, 466, 17, 466, 17, 467, 18, 465, 18, 464, 18, 463, 18, 462, 18, 462, 18, 462, 18, 460, 18, 460, 18, 459, 18, 460, 17, 460, 17, 460, 17, 459, 17, 459, 17, 458, 17, 459, 17, 459, 17, 459, 17, 459, 15, 458, 15, 458, 16, 457, 15, 457, 15, 458, 15, 458, 15, 459, 15, 459, 15, 458, 15, 459, 15, 458, 16, 458, 16, 456, 16, 457, 16, 457, 16, 457, 15, 457, 15, 457, 15, 457, 
0, 15, 455, 15, 455, 16, 456, 15, 457, 15, 455, 15, 454, 16, 454, 16, 453, 16, 454, 16, 453, 16, 453, 16, 453, 16, 453, 17, 452, 17, 452, 17, 451, 17, 451, 17, 452, 17, 451, 17, 450, 17, 451, 17, 450, 16, 450, 16, 450, 16, 450, 16, 450, 16, 450, 16, 449, 17, 449, 17, 449, 16, 450, 16, 449, 16, 450, 16, 449, 16, 449, 16, 448, 16, 448, 16, 449, 16, 450, 16, 450, 16, 448, 16, 448, 16, 448, 16, 447, 17, 447, 17, 447, 17, 447, 17, 447, 17, 447, 17, 447, 17, 446, 17, 446, 17, 446, 17, 445, 17, 445, 17, 446, 17, 446, 17, 445, 17, 445, 17, 445, 
0, 17, 446, 17, 446, 17, 446, 17, 447, 17, 446, 17, 446, 17, 447, 17, 447, 17, 446, 17, 446, 17, 445, 17, 445, 17, 445, 17, 446, 17, 446, 17, 446, 17, 445, 17, 445, 17, 445, 17, 444, 17, 444, 17, 444, 17, 443, 17, 444, 17, 444, 17, 444, 17, 443, 17, 443, 17, 443, 17, 443, 17, 443, 17, 442, 17, 443, 17, 443, 17, 443, 17, 443, 17, 443, 17, 443, 17, 442, 17, 442, 17, 442, 17, 442, 17, 442, 17, 442, 17, 442, 17, 442, 16, 442, 16, 442, 16, 442, 17, 441, 17, 442, 17, 442, 17, 442, 17, 442, 17, 441, 17, 441, 17, 442, 17, 442, 17, 441, 17, 442, 
0, 17, 442, 17, 443, 18, 442, 18, 442, 18, 442, 18, 442, 18, 441, 18, 441, 17, 441, 17, 441, 17, 441, 17, 440, 17, 440, 17, 441, 17, 441, 17, 441, 17, 440, 17, 440, 17, 440, 17, 440, 17, 440, 17, 440, 17, 440, 18, 440, 18, 440, 17, 440, 17, 440, 17, 440, 18, 440, 18, 440, 18, 440, 18, 440, 18, 439, 18, 439, 18, 439, 18, 440, 18, 440, 18, 440, 18, 440, 18, 440, 18, 440, 18, 440, 18, 440, 18, 441, 18, 441, 18, 440, 17, 440, 17, 441, 17, 440, 17, 440, 17, 440, 17, 439, 17, 440, 17, 440, 17, 440, 17, 440, 17, 439, 18, 439, 18, 438, 18, 439, 
0, 18, 439, 18, 439, 18, 438, 18, 439, 18, 439, 18, 438, 17, 439, 17, 439, 17, 439, 17, 439, 17, 439, 17, 439, 17, 439, 17, 439, 17, 439, 16, 438, 16, 439, 17, 439, 17, 438, 17, 438, 17, 438, 17, 438, 17, 439, 18, 438, 18, 439, 18, 438, 18, 438, 18, 438, 18, 438, 18, 438, 18, 438, 18, 438, 18, 438, 18, 438, 18, 437, 18, 437, 18, 438, 18, 437, 18, 438, 18, 438, 18, 438, 18, 438, 18, 438, 18, 438, 18, 438, 18, 438, 18, 438, 18, 438, 18, 437, 18, 438, 18, 438, 18, 438, 18, 438, 17, 438, 17, 437, 18, 437, 18, 437, 18, 437, 18, 437, 18, 437, 
0, 18, 438, 18, 438, 18, 437, 18, 437, 18, 437, 18, 437, 18, 437, 18, 437, 18, 437, 18, 436, 18, 437, 18, 437, 18, 437, 18, 437, 18, 437, 18, 437, 18, 436, 18, 437, 18, 436, 18, 436, 18, 436, 18, 436, 18, 436, 18, 436, 18, 436, 18, 436, 18, 436, 18, 436, 18, 436, 18, 435, 18, 436, 18, 436, 18, 436, 18, 436, 18, 436, 18, 436, 18, 436, 18, 436, 18, 436, 18, 436, 18, 436, 18, 436, 18, 436, 18, 436, 18, 436, 18, 435, 18, 435, 18, 435, 18, 436, 18, 435, 18, 435, 18, 435, 18, 435, 18, 435, 18, 435, 18, 435, 18, 435, 18, 435, 18, 435, 18, 435, 
