0, -18, 537, -18, 537, -18, 536, -18, 536, -18, 537, -18, 537, -18, 537, -18, 536, -18, 537, -18, 537, -18, 536, -18, 537, -18, 539, -17, 529, -14, 515, -8, 498, -4, 491, -2, 484, 0, 481, 1, 482, 4, 481, 7, 480, 9, 475, 12, 467, 14, 457, 17, 437, 19, 414, 19, 409, 21, 403, 19, 402, 17, 402, 18, 399, 19, 395, 19, 396, 14, 418, 11, 438, -3, 484, -20, 536, -38, 593, -46, 600, -60, 598, -72, 610, -85, 635, -91, 638, -99, 644, -103, 647, -104, 647, -105, 652, -104, 654, -102, 651, -96, 653, -81, 651, -74, 652, -61, 656, -56, 662, -49, 657, -44, 651, -42, 650, -40, 650, -40, 652, 
0, -47, 663, -49, 666, -55, 670, -62, 676, -66, 680, -75, 691, -82, 690, -86, 701, -96, 711, -103, 714, -106, 720, -113, 720, -118, 711, -120, 708, -125, 707, -128, 707, -131, 709, -136, 702, -138, 700, -144, 694, -147, 695, -154, 700, -158, 707, -164, 708, -169, 706, -171, 706, -173, 694, -174, 686, -177, 686, -179, 694, -182, 696, -181, 688, -178, 680, -177, 686, -176, 685, -176, 668, -178, 656, -186, 642, -192, 644, -204, 640, -211, 637, -212, 611, -211, 588, -199, 578, -175, 589, -162, 593, -135, 599, -122, 592, -98, 559, -89, 531, -77, 484, -75, 462, -75, 408, -82, 361, -91, 343, -115, 292, -132, 269, -170, 255, -189, 266, -221, 340, 
0, -265, 358, -265, 387, -265, 502, -262, 578, -259, 596, -248, 659, -241, 717, -229, 791, -226, 808, -223, 811, -224, 777, -223, 754, -223, 696, -225, 698, -226, 698, -226, 715, -231, 763, -239, 769, -241, 782, -247, 799, -247, 806, -226, 787, -162, 685, -100, 700, -59, 751, -33, 689, 41, 462, 74, 450, 103, 618, 74, 657, 64, 643, 55, 657, 53, 659, 54, 663, 56, 660, 58, 651, 58, 654, 54, 649, 49, 644, 45, 639, 37, 646, 32, 646, 22, 641, 9, 639, 1, 626, -17, 613, -36, 602, -45, 583, -62, 569, -76, 563, -82, 563, -102, 523, -129, 529, -144, 525, -160, 525, -176, 544, -177, 539, -174, 532, -163, 532, -141, 525, 
0, -64, 543, -40, 545, -29, 549, -9, 559, -2, 570, 12, 572, 18, 574, 32, 571, 40, 568, 57, 571, 65, 572, 82, 578, 92, 582, 109, 580, 115, 580, 124, 574, 129, 574, 128, 568, 121, 564, 115, 562, 99, 559, 91, 559, 76, 562, 70, 560, 65, 558, 66, 560, 69, 563, 74, 563, 75, 560, 77, 556, 77, 557, 72, 559, 69, 560, 54, 556, 43, 553, 19, 551, -5, 548, -14, 544, -28, 539, -34, 538, -40, 538, -41, 542, -33, 553, -19, 563, -13, 564, -5, 567, -5, 569, -8, 576, -13, 584, -30, 590, -48, 586, -81, 583, -83, 537, -47, 469, -12, 403, 20, 365, 57, 304, 61, 292, 47, 315, 55, 345, 
0, 94, 513, 92, 512, 94, 524, 99, 513, 104, 530, 114, 515, 153, 542, 179, 566, 233, 510, 315, 459, 349, 439, 385, 452, 394, 455, 395, 457, 400, 446, 409, 431, 414, 429, 420, 415, 421, 412, 420, 410, 415, 412, 410, 406, 407, 403, 400, 394, 396, 391, 389, 384, 385, 373, 384, 372, 384, 366, 385, 366, 389, 371, 391, 372, 395, 376, 396, 380, 399, 383, 403, 387, 406, 389, 411, 386, 413, 386, 416, 399, 417, 402, 419, 400, 420, 398, 420, 398, 420, 400, 421, 401, 422, 399, 422, 397, 422, 391, 421, 390, 420, 390, 415, 390, 412, 391, 407, 391, 405, 392, 403, 391, 401, 392, 394, 392, 391, 394, 382, 405, 
0, 357, 427, 351, 431, 348, 435, 346, 440, 345, 439, 342, 433, 340, 431, 338, 412, 338, 402, 338, 391, 337, 384, 330, 371, 318, 364, 309, 366, 288, 366, 266, 371, 247, 372, 233, 379, 226, 387, 224, 392, 217, 397, 215, 400, 213, 394, 211, 395, 207, 403, 205, 410, 196, 429, 191, 449, 180, 484, 158, 507, 149, 517, 145, 512, 149, 517, 158, 540, 164, 545, 162, 562, 160, 563, 158, 569, 155, 568, 152, 565, 150, 578, 157, 584, 162, 583, 172, 599, 180, 614, 185, 622, 205, 619, 225, 620, 245, 613, 252, 611, 257, 612, 252, 609, 242, 606, 239, 609, 238, 602, 248, 572, 256, 541, 274, 504, 290, 485, 295, 484, 
0, 319, 492, 334, 499, 339, 505, 350, 529, 356, 535, 367, 547, 379, 556, 386, 564, 400, 575, 414, 580, 423, 585, 431, 588, 448, 594, 463, 592, 479, 581, 497, 576, 513, 569, 521, 558, 535, 552, 540, 548, 551, 533, 556, 528, 563, 520, 565, 518, 566, 512, 573, 495, 578, 489, 590, 481, 596, 485, 610, 480, 618, 475, 633, 457, 639, 453, 646, 447, 645, 448, 644, 445, 638, 440, 634, 443, 622, 449, 616, 450, 603, 452, 598, 456, 590, 457, 588, 457, 588, 454, 594, 451, 599, 450, 616, 444, 627, 441, 647, 437, 653, 437, 652, 443, 647, 440, 636, 438, 627, 433, 622, 430, 603, 436, 588, 445, 552, 451, 513, 448, 
0, 421, 437, 389, 430, 375, 426, 347, 426, 323, 441, 314, 445, 299, 460, 286, 468, 280, 469, 273, 475, 270, 477, 261, 479, 254, 487, 253, 492, 251, 507, 249, 504, 246, 509, 245, 512, 242, 508, 234, 508, 227, 502, 224, 501, 215, 511, 199, 501, 191, 499, 179, 495, 171, 493, 167, 492, 157, 492, 144, 486, 138, 486, 126, 485, 121, 483, 112, 477, 106, 476, 97, 473, 87, 473, 82, 487, 74, 538, 75, 524, 80, 532, 86, 565, 79, 617, 72, 627, 61, 549, 55, 504, 56, 501, 57, 566, 63, 640, 66, 639, 71, 664, 73, 663, 75, 645, 73, 634, 70, 632, 68, 628, 66, 623, 66, 614, 66, 600, 66, 587, 
0, 66, 498, 66, 482, 69, 472, 71, 467, 74, 452, 76, 445, 78, 444, 79, 443, 81, 451, 81, 467, 83, 514, 86, 543, 88, 554, 91, 572, 91, 590, 88, 623, 87, 629, 85, 624, 85, 624, 83, 624, 82, 623, 80, 620, 80, 618, 80, 617, 80, 615, 80, 612, 82, 610, 85, 609, 90, 602, 92, 594, 96, 578, 101, 569, 104, 563, 109, 555, 111, 554, 114, 555, 115, 549, 117, 546, 118, 548, 118, 561, 118, 573, 117, 571, 112, 585, 110, 591, 109, 596, 108, 599, 110, 604, 111, 603, 113, 602, 113, 603, 114, 602, 116, 603, 117, 601, 118, 601, 119, 598, 119, 596, 119, 594, 120, 589, 123, 595, 126, 600, 
0, 132, 602, 134, 601, 136, 596, 137, 595, 137, 592, 135, 590, 134, 589, 133, 589, 132, 589, 132, 590, 133, 590, 135, 591, 137, 587, 138, 588, 138, 585, 138, 581, 135, 582, 131, 586, 129, 583, 126, 584, 125, 581, 125, 581, 125, 579, 124, 581, 124, 582, 124, 583, 124, 583, 124, 582, 123, 582, 123, 582, 123, 581, 121, 579, 121, 580, 121, 582, 121, 585, 121, 585, 120, 588, 118, 586, 117, 585, 115, 587, 111, 587, 107, 587, 105, 586, 104, 586, 102, 585, 101, 584, 101, 585, 101, 583, 101, 584, 101, 583, 101, 583, 100, 583, 99, 584, 97, 584, 96, 585, 93, 587, 92, 588, 91, 588, 91, 586, 91, 585, 
0, 89, 557, 88, 557, 86, 555, 84, 554, 82, 553, 82, 554, 82, 557, 81, 554, 81, 553, 81, 553, 81, 556, 81, 554, 81, 555, 81, 557, 81, 552, 78, 551, 75, 550, 69, 549, 64, 548, 54, 544, 48, 537, 36, 530, 23, 524, 16, 525, 2, 522, -4, 525, -12, 526, -15, 527, -15, 532, -10, 533, -6, 534, 2, 536, 7, 538, 16, 539, 25, 536, 12, 531, -4, 531, -29, 533, -49, 532, -60, 532, -73, 532, -77, 532, -83, 533, -81, 532, -65, 532, -52, 531, -47, 530, -40, 528, -37, 528, -35, 527, -37, 526, -38, 525, -40, 525, -41, 524, -43, 524, -46, 523, -51, 524, -53, 524, -56, 524, -58, 523, 
1, -53, 524, -53, 522, -57, 522, -70, 523, -87, 523, -87, 523, -78, 525, -54, 525, -35, 524, -18, 523, -11, 523, 1, 523, 12, 521, 17, 520, 24, 521, 31, 520, 37, 520, 42, 520, 46, 520, 48, 519, 54, 520, 57, 522, 62, 522, 64, 522, 69, 524, 73, 524, 75, 522, 80, 523, 84, 523, 90, 523, 96, 523, 100, 524, 104, 522, 112, 521, 126, 519, 139, 521, 216, 520, 601, 189, 775, 164, 944, 137, 1245, 115, 1480, 113, 1567, 118, 1687, 130, 1714, 137, 1707, 159, 1608, 209, 1540, 251, 1390, 464, 1274, 558, 976, 569, 845, 568, 637, 561, 558, 561, 436, 557, 390, 556, 321, 554, 274, 552, 240, 550, 228, 549, 
0, 184, 550, 176, 550, 170, 545, 167, 546, 164, 544, 161, 542, 159, 541, 157, 542, 154, 541, 152, 540, 152, 541, 151, 540, 151, 540, 151, 541, 151, 541, 152, 542, 154, 543, 156, 544, 159, 542, 188, 539, 396, 208, 764, 141, 999, 163, 1044, 192, 1028, 353, 940, 463, 718, 580, 612, 607, 446, 595, 385, 588, 297, 583, 241, 579, 221, 578, 193, 577, 184, 578, 169, 578, 164, 577, 156, 579, 153, 577, 148, 576, 146, 575, 144, 575, 142, 575, 142, 576, 141, 577, 140, 575, 140, 575, 140, 578, 140, 576, 140, 576, 140, 578, 140, 577, 141, 576, 141, 577, 144, 576, 146, 577, 147, 576, 151, 578, 152, 578, 154, 580, 
0, 158, 576, 158, 575, 158, 575, 158, 576, 158, 576, 158, 577, 159, 577, 159, 576, 159, 576, 159, 575, 159, 576, 159, 574, 159, 574, 159, 574, 159, 575, 159, 573, 159, 573, 159, 573, 159, 572, 159, 573, 159, 572, 159, 572, 159, 572, 159, 572, 158, 572, 157, 572, 157, 570, 157, 569, 157, 569, 156, 570, 156, 571, 156, 570, 156, 570, 156, 569, 156, 568, 156, 567, 156, 569, 156, 567, 155, 570, 155, 569, 153, 569, 151, 568, 149, 565, 148, 565, 146, 563, 145, 561, 144, 562, 143, 562, 142, 560, 142, 561, 142, 558, 141, 557, 141, 555, 141, 552, 140, 551, 140, 551, 140, 551, 140, 550, 139, 551, 139, 549, 
1, 137, 549, 137, 547, 137, 543, 137, 543, 137, 543, 138, 543, 138, 541, 138, 542, 138, 542, 139, 542, 139, 542, 140, 540, 140, 541, 140, 541, 140, 539, 140, 538, 140, 539, 140, 538, 142, 539, 142, 539, 142, 540, 143, 540, 144, 540, 144, 541, 145, 542, 146, 541, 148, 542, 149, 541, 149, 541, 151, 541, 152, 541, 154, 539, 155, 538, 156, 537, 157, 537, 158, 536, 159, 536, 161, 536, 167, 536, 170, 538, 178, 537, 182, 535, 190, 537, 193, 535, 196, 534, 193, 534, 187, 535, 178, 535, 175, 536, 169, 535, 167, 535, 165, 534, 166, 534, 171, 534, 179, 534, 398, 234, 774, 135, 1076, 152, 1170, 142, 1213, 149, 
0, 615, 505, 544, 510, 435, 514, 358, 505, 308, 505, 290, 502, 264, 500, 255, 500, 243, 496, 240, 494, 237, 495, 237, 496, 237, 499, 237, 500, 236, 499, 235, 500, 234, 500, 233, 497, 232, 496, 230, 497, 230, 496, 228, 499, 227, 498, 226, 497, 225, 499, 223, 500, 223, 501, 223, 500, 222, 501, 221, 501, 220, 500, 220, 499, 220, 499, 220, 498, 220, 498, 220, 497, 220, 497, 220, 495, 220, 496, 220, 494, 219, 494, 219, 493, 219, 493, 219, 492, 219, 491, 219, 491, 219, 491, 219, 491, 219, 491, 219, 489, 219, 489, 218, 490, 218, 492, 218, 493, 218, 492, 218, 492, 218, 490, 218, 489, 217, 490, 217, 490, 
0, 218, 489, 218, 489, 218, 488, 218, 487, 218, 487, 218, 487, 218, 486, 218, 487, 218, 486, 218, 486, 217, 486, 216, 485, 216, 485, 214, 485, 214, 485, 212, 484, 211, 484, 211, 484, 209, 485, 209, 485, 208, 485, 207, 484, 206, 484, 205, 482, 204, 483, 204, 484, 204, 484, 204, 484, 204, 484, 204, 483, 204, 483, 204, 483, 204, 482, 204, 482, 203, 483, 203, 483, 203, 483, 203, 482, 202, 483, 202, 482, 202, 482, 202, 480, 201, 479, 201, 480, 201, 481, 201, 481, 200, 481, 200, 480, 200, 480, 200, 480, 200, 480, 200, 480, 200, 479, 200, 481, 200, 480, 200, 480, 201, 479, 201, 479, 201, 478, 201, 478, 
1, 201, 478, 201, 477, 201, 478, 201, 478, 201, 476, 201, 477, 200, 477, 200, 476, 200, 476, 200, 476, 200, 475, 200, 475, 200, 475, 200, 475, 200, 475, 200, 475, 200, 475, 200, 476, 200, 476, 200, 477, 200, 476, 200, 476, 200, 477, 200, 476, 200, 476, 200, 475, 200, 475, 201, 476, 209, 474, 221, 473, 506, 148, 723, 133, 1168, 88, 1463, 83, 1896, 95, 2034, 114, 2061, 181, 1732, 542, 1491, 579, 1084, 610, 927, 623, 690, 632, 604, 623, 474, 620, 427, 618, 359, 613, 335, 613, 301, 612, 279, 613, 265, 611, 260, 611, 254, 612, 252, 613, 249, 612, 247, 610, 247, 611, 245, 610, 243, 608, 242, 608, 242, 607, 
0, 240, 605, 240, 606, 240, 605, 240, 603, 240, 603, 240, 605, 240, 605, 240, 606, 240, 606, 240, 605, 240, 602, 240, 602, 240, 600, 240, 600, 240, 599, 239, 599, 239, 599, 239, 598, 239, 598, 239, 598, 239, 597, 239, 598, 239, 597, 239, 599, 239, 599, 239, 598, 239, 598, 239, 599, 239, 598, 240, 598, 240, 597, 240, 598, 240, 599, 240, 596, 240, 597, 240, 596, 240, 596, 240, 596, 240, 596, 240, 595, 239, 595, 239, 595, 239, 593, 238, 592, 236, 593, 235, 594, 233, 593, 230, 593, 227, 593, 226, 592, 224, 592, 223, 593, 222, 593, 222, 592, 222, 591, 221, 591, 221, 590, 221, 592, 221, 592, 221, 590, 
0, 221, 590, 221, 592, 221, 591, 221, 591, 220, 590, 220, 590, 218, 592, 216, 590, 215, 591, 214, 590, 214, 590, 214, 589, 214, 589, 214, 588, 214, 588, 215, 588, 215, 588, 215, 585, 215, 584, 215, 584, 216, 584, 216, 583, 217, 581, 217, 582, 215, 582, 215, 581, 215, 580, 215, 580, 215, 581, 215, 582, 215, 581, 216, 582, 216, 581, 216, 581, 216, 581, 216, 582, 216, 582, 216, 582, 216, 582, 217, 580, 218, 581, 218, 581, 218, 581, 218, 581, 218, 582, 218, 582, 218, 580, 218, 580, 218, 579, 219, 579, 219, 579, 219, 579, 219, 579, 219, 580, 220, 579, 220, 580, 220, 580, 220, 581, 220, 580, 220, 580, 
0, 221, 581, 221, 582, 221, 582, 221, 581, 221, 581, 221, 581, 221, 581, 221, 582, 221, 582, 221, 580, 221, 581, 222, 580, 222, 580, 222, 579, 224, 578, 224, 579, 226, 578, 228, 579, 230, 579, 231, 579, 232, 578, 234, 579, 235, 577, 236, 577, 237, 577, 237, 577, 237, 576, 237, 576, 237, 577, 236, 577, 235, 577, 234, 577, 232, 577, 230, 576, 229, 576, 229, 576, 229, 576, 230, 576, 230, 576, 230, 577, 230, 577, 229, 577, 227, 577, 227, 577, 227, 577, 226, 577, 225, 577, 224, 575, 223, 575, 222, 575, 222, 575, 222, 576, 222, 576, 222, 576, 222, 573, 222, 574, 221, 573, 221, 574, 221, 574, 221, 573, 
1, 220, 574, 220, 573, 220, 573, 219, 574, 219, 574, 219, 573, 219, 573, 219, 573, 219, 572, 219, 573, 219, 573, 219, 571, 218, 571, 217, 572, 217, 569, 217, 569, 217, 569, 216, 570, 216, 570, 216, 570, 216, 570, 215, 570, 215, 569, 215, 570, 214, 570, 214, 571, 213, 571, 212, 572, 210, 574, 209, 572, 209, 575, 209, 575, 209, 576, 210, 575, 210, 574, 210, 572, 211, 573, 210, 571, 211, 571, 213, 570, 214, 569, 216, 571, 217, 570, 218, 569, 219, 569, 223, 570, 231, 571, 237, 572, 258, 570, 277, 570, 632, 340, 766, 281, 1059, 194, 1212, 163, 1507, 132, 1628, 130, 1769, 163, 1596, 414, 1389, 516, 1010, 561, 
0, 315, 565, 297, 564, 271, 563, 256, 562, 251, 564, 244, 564, 242, 563, 240, 565, 239, 565, 238, 565, 238, 565, 238, 565, 238, 565, 238, 564, 238, 563, 237, 565, 235, 562, 235, 563, 235, 563, 235, 563, 235, 561, 236, 561, 237, 560, 237, 559, 237, 559, 237, 558, 237, 558, 237, 558, 237, 557, 237, 557, 237, 554, 238, 556, 238, 559, 237, 559, 236, 561, 236, 561, 235, 562, 233, 562, 231, 564, 230, 562, 228, 562, 227, 564, 227, 565, 227, 564, 227, 564, 227, 564, 227, 563, 227, 563, 227, 563, 227, 563, 226, 564, 225, 562, 225, 561, 224, 559, 222, 559, 222, 558, 222, 558, 221, 557, 221, 558, 221, 558, 
0, 221, 553, 221, 551, 221, 549, 221, 549, 221, 550, 221, 549, 223, 544, 225, 544, 228, 539, 232, 537, 233, 539, 235, 543, 235, 543, 237, 543, 238, 541, 239, 544, 239, 543, 241, 540, 242, 538, 242, 538, 242, 535, 241, 536, 239, 531, 237, 534, 231, 534, 229, 534, 224, 533, 222, 534, 218, 534, 214, 538, 213, 541, 211, 548, 212, 548, 213, 551, 214, 550, 216, 544, 217, 543, 219, 540, 220, 540, 220, 539, 220, 534, 220, 533, 219, 532, 218, 533, 218, 532, 218, 531, 218, 530, 218, 529, 218, 529, 218, 529, 218, 529, 218, 529, 218, 529, 218, 529, 218, 529, 218, 529, 218, 529, 218, 528, 218, 529, 218, 528, 
1, 218, 526, 218, 526, 218, 527, 218, 526, 218, 526, 218, 526, 218, 526, 219, 525, 219, 524, 219, 523, 219, 522, 219, 522, 219, 520, 219, 520, 219, 518, 219, 517, 219, 517, 219, 519, 219, 519, 219, 521, 219, 522, 218, 521, 218, 520, 218, 518, 218, 513, 218, 515, 218, 516, 217, 516, 216, 516, 214, 513, 211, 511, 210, 510, 209, 507, 210, 506, 211, 506, 213, 506, 214, 507, 216, 508, 218, 508, 218, 507, 218, 506, 218, 505, 218, 505, 218, 505, 217, 505, 216, 504, 215, 503, 215, 503, 215, 503, 215, 502, 215, 501, 217, 502, 219, 502, 220, 503, 226, 500, 241, 502, 257, 501, 510, 184, 699, 171, 1026, 149, 
0, 594, 497, 526, 498, 424, 497, 387, 498, 334, 499, 301, 505, 279, 507, 271, 508, 260, 509, 257, 511, 252, 512, 249, 511, 248, 510, 247, 511, 246, 511, 245, 513, 244, 514, 243, 512, 243, 513, 243, 515, 241, 513, 241, 515, 241, 515, 241, 517, 241, 520, 241, 521, 241, 518, 241, 522, 241, 529, 241, 531, 241, 531, 241, 530, 242, 528, 244, 531, 245, 530, 246, 527, 248, 528, 249, 525, 251, 527, 251, 527, 251, 527, 250, 527, 248, 526, 246, 530, 244, 531, 244, 530, 243, 531, 243, 531, 243, 533, 243, 533, 243, 531, 243, 532, 242, 530, 241, 531, 241, 530, 241, 529, 240, 526, 239, 526, 239, 525, 239, 522, 
1, 231, 514, 230, 513, 228, 512, 226, 512, 224, 511, 222, 508, 222, 509, 222, 507, 221, 507, 220, 506, 220, 506, 220, 506, 220, 505, 220, 505, 220, 505, 220, 505, 220, 504, 220, 505, 220, 505, 220, 505, 219, 504, 219, 502, 219, 502, 219, 501, 219, 501, 218, 500, 218, 500, 218, 499, 217, 498, 217, 498, 217, 500, 217, 501, 216, 499, 215, 500, 214, 499, 214, 497, 214, 494, 214, 492, 214, 492, 213, 491, 213, 488, 212, 489, 211, 489, 211, 489, 211, 488, 211, 488, 211, 489, 210, 490, 210, 491, 210, 490, 210, 488, 209, 487, 209, 485, 210, 481, 211, 480, 214, 480, 217, 479, 235, 482, 296, 356, 752, 167, 
0, 1217, 400, 1042, 439, 764, 464, 660, 465, 509, 468, 455, 468, 378, 466, 327, 464, 309, 467, 284, 469, 275, 469, 262, 466, 257, 464, 250, 463, 248, 462, 246, 464, 245, 464, 244, 460, 245, 458, 246, 457, 247, 457, 249, 458, 250, 457, 252, 455, 253, 454, 255, 454, 256, 454, 258, 452, 258, 452, 260, 453, 260, 452, 261, 451, 261, 450, 261, 450, 262, 449, 263, 448, 263, 449, 263, 448, 263, 450, 263, 449, 263, 450, 263, 451, 263, 452, 263, 452, 263, 451, 263, 452, 263, 452, 263, 450, 262, 450, 262, 449, 262, 449, 262, 448, 262, 449, 262, 450, 262, 449, 262, 448, 262, 448, 262, 448, 262, 448, 262, 446, 
1, 262, 446, 262, 447, 262, 447, 262, 447, 262, 447, 262, 446, 262, 446, 262, 445, 262, 445, 262, 445, 262, 444, 262, 444, 262, 443, 262, 444, 262, 445, 262, 445, 262, 447, 262, 447, 261, 448, 261, 448, 261, 447, 260, 446, 259, 445, 257, 444, 256, 444, 254, 444, 253, 449, 253, 453, 266, 456, 292, 454, 698, 180, 882, 167, 1166, 197, 1139, 386, 1020, 403, 788, 430, 693, 439, 546, 440, 447, 437, 410, 437, 356, 436, 337, 435, 311, 439, 302, 442, 289, 442, 283, 441, 280, 441, 277, 440, 275, 440, 273, 440, 271, 438, 268, 439, 266, 439, 264, 437, 263, 435, 262, 434, 261, 431, 260, 431, 260, 430, 260, 431, 
0, 258, 427, 258, 428, 257, 429, 257, 429, 256, 429, 254, 428, 253, 429, 251, 430, 248, 431, 246, 431, 245, 430, 244, 430, 243, 429, 243, 428, 242, 426, 242, 425, 241, 424, 241, 424, 241, 425, 241, 424, 241, 425, 241, 424, 241, 424, 241, 422, 241, 422, 241, 422, 241, 421, 241, 422, 241, 421, 241, 422, 241, 421, 241, 421, 242, 422, 242, 421, 243, 421, 243, 422, 244, 422, 245, 422, 246, 423, 247, 422, 248, 423, 250, 423, 252, 424, 253, 423, 255, 424, 255, 424, 256, 424, 257, 424, 259, 425, 260, 424, 260, 423, 261, 424, 263, 423, 263, 424, 263, 422, 264, 422, 265, 422, 266, 422, 266, 423, 268, 425, 
0, 273, 425, 274, 426, 274, 423, 274, 422, 274, 424, 273, 421, 272, 420, 271, 423, 271, 422, 270, 422, 270, 421, 270, 421, 270, 422, 270, 422, 270, 420, 270, 421, 270, 423, 270, 424, 270, 425, 270, 425, 271, 424, 271, 424, 273, 424, 274, 424, 274, 424, 275, 425, 276, 424, 276, 425, 276, 424, 276, 424, 276, 424, 276, 424, 276, 423, 276, 423, 276, 423, 276, 423, 276, 426, 275, 425, 274, 426, 274, 427, 274, 428, 274, 428, 273, 429, 272, 429, 273, 427, 272, 426, 271, 426, 271, 426, 270, 425, 269, 426, 268, 425, 267, 426, 267, 423, 265, 422, 264, 422, 263, 421, 263, 420, 263, 418, 263, 417, 262, 417, 
1, 260, 416, 260, 418, 260, 418, 259, 417, 258, 417, 258, 416, 258, 416, 258, 416, 258, 416, 258, 415, 258, 416, 257, 415, 257, 415, 257, 415, 257, 416, 257, 415, 256, 414, 255, 415, 255, 415, 255, 415, 254, 415, 254, 416, 252, 415, 252, 414, 252, 415, 251, 414, 250, 414, 249, 418, 249, 425, 250, 429, 252, 429, 264, 427, 282, 428, 631, 201, 834, 178, 1209, 168, 1354, 230, 1314, 310, 1073, 398, 930, 416, 704, 421, 619, 425, 493, 420, 409, 418, 379, 416, 336, 417, 321, 420, 300, 421, 286, 419, 282, 420, 276, 420, 274, 420, 272, 418, 273, 420, 274, 420, 275, 421, 275, 419, 275, 417, 276, 418, 276, 417, 
0, 277, 417, 277, 416, 277, 417, 278, 416, 278, 417, 278, 418, 278, 416, 278, 416, 278, 416, 278, 416, 278, 417, 278, 417, 278, 415, 278, 417, 279, 416, 280, 416, 280, 417, 280, 418, 280, 417, 280, 416, 280, 415, 280, 416, 280, 417, 280, 418, 281, 414, 281, 415, 282, 415, 282, 415, 283, 414, 283, 415, 283, 415, 283, 415, 283, 415, 283, 414, 283, 414, 283, 414, 283, 414, 283, 413, 283, 413, 283, 413, 283, 413, 283, 413, 283, 413, 283, 412, 283, 412, 283, 412, 282, 412, 281, 412, 281, 412, 281, 411, 281, 411, 281, 411, 281, 411, 281, 411, 281, 411, 281, 411, 281, 410, 280, 410, 280, 409, 279, 409, 
0, 277, 409, 276, 409, 275, 409, 274, 408, 274, 408, 273, 408, 272, 408, 271, 408, 270, 408, 270, 407, 270, 407, 269, 408, 268, 408, 266, 407, 265, 407, 265, 408, 265, 408, 264, 408, 264, 408, 264, 408, 264, 408, 263, 408, 262, 407, 261, 408, 261, 407, 261, 408, 261, 407, 261, 407, 260, 407, 260, 406, 260, 405, 260, 405, 260, 404, 260, 404, 260, 404, 260, 404, 260, 403, 260, 403, 260, 403, 260, 403, 260, 403, 260, 402, 259, 403, 258, 404, 258, 404, 258, 404, 258, 404, 258, 403, 258, 403, 258, 403, 258, 403, 258, 403, 258, 403, 258, 402, 258, 402, 258, 401, 258, 402, 258, 402, 257, 402, 257, 401, 
1, 258, 401, 258, 401, 258, 400, 258, 401, 258, 401, 258, 400, 258, 400, 259, 401, 260, 401, 260, 402, 260, 401, 260, 401, 260, 401, 260, 400, 261, 402, 261, 402, 261, 404, 261, 403, 261, 404, 261, 404, 261, 404, 262, 403, 262, 405, 262, 406, 262, 406, 262, 405, 262, 409, 261, 408, 260, 407, 259, 406, 258, 404, 258, 412, 263, 410, 287, 406, 321, 403, 744, 191, 1140, 155, 1409, 183, 1392, 284, 1284, 386, 1000, 417, 877, 424, 680, 435, 541, 434, 489, 434, 447, 435, 387, 435, 349, 443, 335, 443, 316, 441, 310, 441, 303, 439, 301, 438, 299, 438, 299, 438, 299, 435, 299, 435, 299, 436, 299, 437, 299, 438, 
0, 289, 443, 286, 444, 284, 442, 282, 440, 282, 439, 281, 439, 281, 437, 281, 436, 280, 432, 280, 429, 280, 428, 279, 426, 279, 422, 279, 424, 279, 423, 277, 425, 273, 429, 269, 428, 268, 427, 266, 428, 264, 430, 263, 430, 261, 430, 260, 429, 259, 429, 258, 427, 257, 426, 257, 426, 257, 425, 256, 425, 256, 425, 255, 425, 254, 424, 253, 423, 252, 423, 251, 424, 249, 426, 248, 426, 248, 425, 246, 428, 245, 427, 244, 429, 243, 431, 243, 429, 242, 429, 242, 428, 242, 428, 241, 428, 241, 428, 241, 427, 240, 427, 240, 426, 240, 427, 240, 427, 240, 426, 240, 425, 240, 425, 240, 425, 240, 427, 240, 427, 
0, 239, 424, 239, 423, 239, 423, 239, 422, 239, 422, 239, 422, 239, 422, 239, 421, 240, 421, 240, 421, 240, 421, 241, 421, 241, 421, 242, 422, 243, 422, 245, 424, 246, 422, 248, 423, 251, 423, 253, 422, 254, 422, 256, 421, 257, 421, 258, 423, 258, 423, 260, 424, 261, 425, 262, 424, 262, 423, 262, 423, 263, 422, 265, 422, 265, 420, 266, 420, 267, 419, 267, 420, 268, 420, 268, 421, 269, 420, 269, 421, 270, 421, 270, 422, 270, 422, 270, 423, 271, 424, 271, 425, 272, 425, 274, 423, 276, 422, 276, 421, 277, 420, 277, 419, 277, 418, 277, 418, 277, 418, 277, 418, 276, 418, 276, 418, 275, 418, 275, 417, 
1, 272, 417, 271, 417, 271, 417, 269, 417, 268, 418, 266, 417, 264, 418, 264, 418, 263, 415, 262, 415, 262, 416, 262, 415, 262, 416, 262, 416, 262, 415, 262, 415, 262, 414, 262, 413, 261, 412, 260, 414, 259, 419, 257, 420, 255, 420, 251, 422, 249, 424, 246, 424, 245, 423, 243, 420, 243, 431, 255, 437, 380, 195, 646, 160, 1126, 116, 1325, 118, 1565, 167, 1565, 198, 1345, 373, 1174, 390, 879, 421, 666, 424, 586, 422, 469, 424, 427, 424, 366, 429, 328, 432, 314, 435, 294, 432, 283, 432, 279, 432, 275, 432, 271, 430, 269, 430, 268, 429, 266, 427, 265, 427, 263, 429, 262, 429, 260, 428, 258, 427, 257, 427, 
0, 251, 424, 251, 423, 251, 421, 252, 418, 252, 419, 253, 414, 254, 412, 254, 411, 254, 410, 254, 407, 254, 406, 253, 406, 253, 404, 253, 404, 253, 405, 253, 404, 254, 405, 255, 407, 255, 408, 256, 411, 257, 414, 257, 414, 259, 416, 259, 415, 259, 416, 259, 414, 260, 415, 260, 417, 261, 416, 261, 416, 262, 416, 262, 417, 262, 418, 263, 418, 263, 417, 263, 420, 263, 420, 264, 422, 265, 422, 265, 422, 266, 423, 266, 423, 266, 425, 266, 424, 266, 425, 267, 424, 269, 424, 269, 424, 270, 424, 273, 424, 274, 425, 276, 422, 277, 422, 278, 423, 279, 422, 280, 423, 283, 424, 285, 424, 289, 423, 293, 423, 
1, 298, 419, 297, 418, 291, 418, 287, 418, 276, 418, 260, 418, 239, 418, 214, 418, 175, 417, 151, 418, 131, 418, 116, 421, 111, 419, 104, 423, 102, 423, 103, 426, 109, 428, 114, 428, 130, 425, 151, 424, 174, 426, 199, 426, 222, 429, 233, 436, 246, 445, 250, 450, 250, 451, 244, 457, 235, 478, 231, 490, 221, 501, 215, 497, 205, 495, 200, 493, 192, 491, 189, 488, 185, 482, 183, 483, 176, 487, 171, 486, 169, 487, 165, 483, 164, 478, 160, 474, 157, 475, 151, 472, 149, 472, 144, 464, 140, 460, 137, 459, 131, 454, 129, 453, 126, 449, 125, 449, 125, 447, 127, 447, 131, 451, 133, 451, 137, 450, 139, 448, 
0, 21, 423, 12, 417, 5, 403, 3, 406, 0, 404, -6, 399, -7, 394, -9, 391, -6, 398, -1, 382, 2, 374, 8, 339, 11, 330, 7, 312, 3, 307, -5, 300, -10, 299, -19, 302, -24, 304, -24, 308, -21, 310, -20, 314, -18, 318, -17, 320, -17, 327, -18, 332, -21, 332, -23, 332, -25, 331, -29, 329, -31, 329, -32, 329, -34, 331, -35, 332, -36, 334, -36, 334, -36, 333, -37, 333, -38, 337, -39, 342, -41, 351, -42, 354, -43, 355, -44, 352, -45, 351, -47, 348, -50, 347, -51, 347, -53, 349, -52, 348, -50, 348, -46, 341, -41, 328, -37, 325, -30, 320, -27, 320, -22, 331, -19, 341, -18, 344, -17, 349, 
0, -25, 336, -26, 337, -28, 341, -29, 343, -29, 338, -27, 330, -23, 323, -22, 321, -19, 317, -16, 318, -14, 319, -13, 324, -13, 330, -13, 330, -14, 329, -14, 327, -14, 322, -14, 321, -14, 325, -12, 335, -12, 340, -14, 347, -14, 347, -16, 345, -17, 346, -19, 348, -21, 351, -21, 349, -20, 349, -19, 346, -19, 346, -18, 347, -17, 348, -12, 352, -9, 348, -5, 339, -3, 338, 0, 335, 0, 335, 0, 341, -1, 348, -2, 350, -2, 356, -2, 377, -1, 385, 0, 392, 6, 412, 10, 415, -1, 408, -10, 389, -52, 374, -72, 374, -69, 373, -15, 371, 7, 368, 44, 366, 59, 372, 81, 384, 88, 386, 93, 389, 
0, 129, 361, 133, 358, 138, 368, 135, 365, 129, 348, 103, 317, 87, 308, 53, 299, 32, 296, -18, 290, -62, 288, -81, 288, -134, 295, -190, 303, -208, 328, -203, 339, -181, 372, -152, 402, -137, 405, -101, 391, -94, 390, -82, 410, -74, 427, -72, 419, -69, 389, -66, 351, -62, 320, -57, 292, -57, 280, -60, 258, -68, 250, -74, 246, -89, 246, -102, 264, -113, 274, -120, 269, -124, 266, -140, 272, -149, 282, -170, 302, -177, 303, -188, 327, -192, 335, -194, 325, -184, 300, -171, 298, -166, 302, -162, 316, -162, 330, -169, 382, -180, 476, -185, 517, -192, 525, -208, 511, -224, 404, -231, 371, -242, 330, -243, 351, -244, 372, -239, 365, 
0, -200, 460, -196, 450, -190, 445, -181, 438, -167, 432, -132, 429, -111, 426, -101, 426, -82, 424, -57, 423, -43, 423, -29, 423, -17, 423, -5, 417, 4, 412, 9, 408, 23, 393, 29, 396, 34, 400, 38, 411, 43, 405, 47, 404, 49, 397, 47, 402, 45, 396, 41, 399, 40, 394, 39, 393, 40, 393, 42, 386, 45, 405, 50, 419, 52, 421, 54, 426, 56, 433, 57, 434, 57, 432, 56, 423, 50, 420, 45, 417, 38, 416, 31, 416, 26, 416, 18, 413, 14, 411, 8, 405, 5, 400, 0, 389, -1, 384, -4, 375, -7, 364, -9, 358, -12, 356, -24, 353, -38, 350, -51, 353, -68, 370, -81, 395, -90, 413, -93, 427, 
0, -20, 446, -27, 507, -32, 533, -33, 511, -27, 499, -15, 486, -8, 480, 8, 468, 17, 456, 34, 434, 49, 409, 67, 405, 81, 418, 87, 430, 94, 440, 98, 430, 104, 423, 110, 420, 114, 428, 116, 439, 118, 456, 117, 472, 112, 473, 108, 468, 100, 452, 94, 433, 70, 410, 41, 362, 26, 339, 2, 328, -12, 360, -16, 376, -22, 376, -26, 370, -31, 368, -25, 379, -16, 374, -2, 367, 4, 362, 16, 356, 25, 359, 28, 365, 37, 377, 42, 378, 52, 380, 62, 408, 66, 442, 74, 491, 79, 495, 86, 487, 93, 461, 97, 449, 104, 451, 107, 460, 112, 428, 114, 428, 116, 429, 118, 429, 118, 421, 119, 421, 
0, 121, 374, 122, 370, 122, 368, 122, 361, 122, 357, 121, 360, 120, 359, 117, 356, 114, 352, 113, 349, 112, 345, 109, 339, 107, 341, 106, 341, 106, 339, 107, 337, 111, 331, 112, 331, 112, 339, 112, 362, 111, 376, 107, 402, 104, 413, 103, 408, 99, 407, 98, 410, 93, 404, 89, 425, 87, 456, 85, 455, 84, 439, 78, 450, 71, 383, 76, 312, 83, 294, 104, 286, 111, 282, 114, 275, 114, 275, 109, 318, 107, 357, 101, 458, 94, 511, 91, 497, 93, 484, 90, 488, 87, 495, 87, 492, 88, 502, 90, 517, 94, 577, 95, 592, 90, 577, 85, 566, 83, 567, 80, 573, 76, 576, 70, 592, 67, 570, 68, 506, 
0, 108, 427, 112, 422, 113, 419, 114, 414, 115, 412, 116, 413, 116, 407, 116, 404, 114, 402, 113, 410, 110, 413, 109, 414, 106, 411, 105, 415, 104, 432, 103, 447, 102, 461, 101, 453, 97, 443, 80, 421, 71, 413, 53, 416, 37, 427, 30, 423, 24, 412, 15, 397, 9, 416, 7, 438, 8, 478, 11, 499, 12, 551, 37, 464, 45, 430, 57, 386, 61, 367, 66, 373, 68, 383, 74, 387, 78, 379, 88, 354, 94, 323, 91, 326, 72, 325, 62, 322, 48, 338, 42, 373, 33, 415, 31, 350, 31, 325, 34, 322, 39, 312, 43, 303, 50, 294, 52, 294, 56, 297, 57, 297, 55, 296, 52, 296, 40, 312, 34, 329, 
0, 59, 519, 59, 499, 60, 489, 61, 477, 61, 476, 61, 474, 61, 472, 61, 470, 61, 469, 61, 468, 61, 467, 61, 465, 61, 465, 61, 465, 60, 464, 60, 464, 60, 464, 60, 463, 59, 465, 59, 462, 58, 461, 58, 462, 58, 461, 57, 459, 56, 459, 54, 459, 53, 458, 53, 457, 53, 457, 52, 457, 51, 456, 50, 456, 50, 456, 50, 457, 50, 455, 48, 457, 47, 456, 46, 455, 45, 456, 45, 455, 44, 454, 43, 455, 43, 454, 42, 453, 42, 453, 41, 453, 41, 453, 41, 453, 41, 453, 42, 453, 42, 452, 42, 452, 42, 452, 42, 452, 41, 452, 41, 452, 41, 451, 41, 452, 41, 451, 41, 451, 
0, 41, 451, 41, 451, 42, 451, 42, 450, 42, 450, 42, 450, 42, 450, 42, 450, 42, 450, 42, 450, 41, 450, 41, 449, 41, 449, 41, 449, 41, 449, 41, 449, 41, 449, 41, 449, 41, 448, 41, 449, 41, 449, 41, 448, 40, 449, 40, 448, 40, 448, 39, 448, 39, 448, 39, 448, 39, 448, 39, 448, 39, 448, 39, 447, 39, 448, 39, 447, 39, 448, 39, 448, 39, 448, 39, 448, 40, 448, 40, 448, 40, 448, 40, 448, 40, 447, 40, 447, 41, 447, 41, 447, 41, 447, 41, 447, 41, 447, 41, 447, 41, 447, 41, 447, 41, 447, 41, 447, 41, 447, 41, 447, 41, 447, 41, 447, 41, 446, 41, 447, 
