0, -26, 615, -27, 616, -27, 615, -27, 615, -28, 615, -28, 615, -29, 615, -29, 615, -29, 615, -29, 616, -29, 615, -29, 615, -29, 615, -29, 615, -28, 615, -27, 615, -27, 615, -27, 615, -26, 615, -24, 615, -23, 615, -23, 615, -23, 614, -22, 615, -21, 615, -21, 614, -21, 615, -22, 615, -22, 614, -21, 615, -21, 615, -21, 617, -21, 617, -21, 616, -20, 617, -20, 619, -19, 618, -19, 619, -19, 618, -19, 618, -19, 617, -18, 616, -18, 617, -18, 618, -18, 617, -18, 617, -18, 618, -18, 619, -18, 619, -19, 622, -20, 624, -21, 623, -22, 624, -25, 620, -27, 619, -30, 624, -32, 632, -31, 636, -16, 642, -5, 637, 
0, 32, 637, 47, 633, 65, 644, 72, 650, 83, 655, 85, 654, 78, 659, 57, 671, 35, 669, 24, 659, 2, 642, -9, 640, -26, 599, -34, 543, -48, 483, -58, 438, -59, 445, -54, 461, -47, 488, -24, 542, 12, 613, 77, 661, 175, 650, 169, 672, 132, 696, 112, 697, 74, 676, 42, 698, 27, 717, 3, 703, -5, 690, -15, 677, -19, 681, -25, 693, -27, 686, -31, 684, -33, 691, -41, 709, -47, 721, -50, 724, -58, 724, -62, 727, -67, 704, -68, 697, -69, 688, -68, 686, -68, 679, -70, 679, -71, 673, -73, 664, -74, 663, -76, 670, -77, 671, -82, 676, -85, 675, -85, 670, -83, 640, -81, 627, -77, 620, -75, 622, 
0, -76, 656, -77, 658, -77, 656, -78, 658, -83, 673, -85, 675, -89, 685, -90, 684, -92, 677, -92, 679, -94, 679, -95, 689, -100, 719, -103, 700, -102, 694, -101, 695, -100, 694, -100, 691, -98, 659, -97, 660, -92, 609, -88, 584, -88, 601, -87, 584, -89, 578, -90, 549, -88, 575, -84, 591, -82, 607, -81, 609, -79, 627, -78, 644, -78, 656, -78, 666, -79, 667, -79, 670, -81, 671, -85, 659, -86, 646, -86, 639, -86, 634, -86, 639, -86, 636, -86, 632, -85, 621, -87, 618, -87, 573, -85, 559, -84, 554, -86, 583, -88, 586, -91, 605, -92, 618, -94, 608, -94, 614, -93, 629, -87, 609, -82, 603, -73, 590, -70, 590, 
0, -72, 589, -70, 583, -67, 566, -59, 565, -58, 570, -66, 573, -75, 573, -95, 574, -113, 580, -127, 591, -131, 590, -135, 586, -138, 571, -138, 567, -136, 577, -135, 574, -133, 565, -131, 567, -130, 564, -130, 563, -128, 567, -129, 571, -133, 579, -139, 599, -147, 625, -150, 635, -153, 633, -162, 630, -166, 626, -165, 625, -160, 620, -157, 623, -153, 643, -151, 638, -151, 648, -151, 652, -149, 658, -147, 661, -143, 662, -141, 654, -133, 640, -124, 634, -119, 633, -111, 621, -106, 608, -100, 602, -99, 598, -93, 591, -90, 585, -84, 566, -74, 552, -65, 557, -60, 556, -53, 557, -48, 558, -46, 558, -44, 565, -43, 560, -41, 557, -39, 548, 
0, -26, 510, -21, 506, -18, 500, -13, 489, -10, 474, -10, 473, -9, 510, -7, 523, -6, 566, -5, 478, -4, 486, -7, 473, -8, 468, -7, 446, -7, 430, -4, 343, 4, 315, 14, 344, 30, 427, 36, 472, 52, 529, 71, 553, 80, 545, 87, 605, 89, 624, 81, 639, 73, 639, 51, 613, 5, 554, -36, 527, -124, 495, -161, 506, -208, 569, -225, 570, -248, 607, -255, 610, -260, 607, -261, 595, -257, 596, -251, 589, -246, 583, -235, 585, -228, 574, -213, 563, -197, 568, -166, 574, -154, 588, -127, 602, -94, 451, -84, 409, -36, 365, -1, 307, 9, 297, 18, 307, 20, 315, 21, 328, 19, 336, 13, 365, 7, 379, -2, 407, 
0, -19, 457, -34, 472, -45, 463, -61, 459, -67, 471, -65, 491, -55, 449, -36, 475, -25, 444, -5, 368, 10, 342, 15, 321, 19, 364, 19, 424, 17, 417, 14, 423, 13, 430, 13, 422, 14, 418, 17, 418, 19, 415, 21, 416, 23, 410, 25, 410, 26, 411, 30, 409, 33, 413, 39, 410, 47, 409, 52, 405, 63, 398, 71, 398, 89, 445, 101, 500, 143, 534, 180, 559, 279, 581, 319, 589, 376, 585, 393, 584, 405, 579, 396, 575, 389, 566, 369, 570, 358, 578, 331, 592, 302, 593, 290, 596, 273, 601, 270, 600, 270, 611, 271, 613, 270, 603, 261, 594, 252, 589, 233, 581, 223, 575, 207, 559, 201, 551, 192, 543, 
0, 278, 534, 308, 562, 309, 532, 294, 475, 252, 467, 225, 452, 169, 438, 143, 441, 99, 444, 67, 429, 53, 424, 30, 413, 9, 410, 0, 408, -14, 440, -19, 465, -25, 492, -24, 511, -16, 525, -9, 533, 5, 528, 19, 498, 24, 474, 29, 427, 28, 388, 20, 417, 16, 393, 4, 368, -13, 352, -20, 351, -28, 326, -27, 308, -24, 304, -15, 316, -11, 321, -1, 331, 5, 333, 8, 331, 12, 319, 14, 313, 16, 305, 15, 301, 14, 297, 10, 314, 8, 335, 4, 340, 2, 320, 2, 315, 2, 321, 4, 328, 6, 327, 5, 345, 4, 348, 5, 328, 9, 308, 11, 298, 15, 282, 17, 273, 23, 259, 28, 267, 
0, 29, 268, 31, 272, 32, 280, 34, 294, 36, 304, 36, 310, 37, 310, 37, 313, 37, 320, 37, 317, 39, 315, 42, 308, 44, 301, 44, 305, 43, 302, 45, 300, 47, 298, 47, 299, 46, 303, 45, 300, 44, 289, 43, 283, 42, 274, 42, 273, 41, 276, 41, 282, 41, 286, 41, 285, 41, 283, 41, 277, 40, 271, 40, 260, 40, 254, 40, 247, 40, 246, 39, 243, 38, 242, 38, 243, 38, 246, 38, 247, 37, 253, 36, 255, 34, 267, 32, 275, 28, 288, 24, 296, 22, 307, 20, 323, 20, 324, 19, 338, 19, 341, 19, 335, 18, 328, 17, 323, 15, 318, 15, 317, 13, 317, 9, 316, 7, 324, 4, 349, 
0, 1, 389, 1, 366, -1, 365, -3, 371, -8, 382, -12, 415, -21, 381, -27, 348, -28, 338, -35, 341, -39, 387, -49, 391, -54, 384, -63, 361, -68, 359, -78, 399, -86, 432, -90, 438, -96, 483, -99, 581, -100, 597, -102, 599, -102, 591, -102, 617, -101, 624, -100, 627, -100, 652, -97, 630, -90, 614, -88, 606, -83, 601, -79, 589, -71, 568, -65, 615, -63, 642, -61, 651, -54, 648, -51, 645, -45, 625, -41, 592, -37, 572, -29, 545, -26, 535, -21, 510, -15, 518, -12, 538, -8, 570, -6, 571, -2, 572, 0, 568, 0, 550, 0, 535, -9, 524, -19, 534, -39, 598, -51, 628, -64, 655, -84, 708, -91, 708, -95, 685, 
0, -32, 609, -21, 606, -15, 611, -2, 626, 1, 638, 1, 641, -1, 638, -6, 627, -8, 641, -12, 662, -13, 656, -18, 655, -25, 653, -28, 666, -28, 651, -29, 653, -16, 592, 9, 554, 21, 571, 36, 605, 43, 588, 58, 608, 69, 636, 95, 651, 99, 584, 92, 549, 76, 518, 68, 513, 53, 507, 46, 496, 37, 477, 32, 472, 32, 464, 33, 461, 34, 471, 35, 503, 36, 502, 36, 491, 36, 489, 36, 493, 37, 496, 37, 491, 37, 480, 37, 482, 38, 502, 38, 516, 38, 513, 38, 502, 39, 478, 40, 473, 41, 468, 44, 456, 45, 455, 49, 462, 51, 459, 53, 463, 51, 471, 50, 475, 46, 484, 42, 481, 
0, 160, 678, 160, 674, 160, 675, 160, 673, 159, 671, 159, 670, 159, 670, 158, 670, 158, 672, 157, 674, 156, 670, 156, 675, 155, 675, 154, 673, 153, 676, 153, 674, 153, 673, 153, 674, 153, 673, 150, 674, 149, 675, 148, 674, 147, 678, 148, 672, 148, 675, 147, 676, 145, 672, 144, 671, 143, 669, 143, 670, 143, 670, 141, 670, 141, 669, 141, 670, 141, 671, 141, 674, 141, 670, 142, 672, 142, 669, 142, 674, 142, 673, 142, 673, 142, 673, 142, 671, 142, 671, 142, 671, 142, 671, 143, 673, 142, 674, 143, 673, 143, 675, 143, 676, 143, 675, 143, 677, 143, 675, 143, 674, 144, 674, 146, 674, 147, 674, 150, 674, 
0, 155, 673, 157, 672, 157, 670, 157, 671, 157, 672, 157, 674, 157, 674, 157, 674, 157, 675, 157, 674, 157, 676, 157, 677, 157, 676, 157, 677, 157, 674, 157, 674, 157, 673, 157, 673, 159, 671, 160, 685, 160, 678, 164, 675, 167, 676, 171, 675, 173, 674, 177, 671, 180, 670, 185, 668, 187, 667, 191, 665, 194, 666, 195, 666, 197, 663, 200, 661, 206, 660, 211, 659, 213, 658, 216, 660, 219, 659, 224, 659, 226, 657, 230, 655, 231, 654, 233, 653, 235, 650, 236, 650, 235, 654, 235, 655, 235, 653, 236, 652, 236, 652, 233, 652, 231, 652, 227, 649, 224, 650, 223, 652, 221, 649, 220, 648, 218, 648, 216, 649, 
1, 204, 652, 203, 653, 202, 652, 202, 652, 202, 651, 202, 651, 201, 652, 201, 652, 200, 652, 199, 651, 199, 651, 198, 651, 198, 651, 196, 651, 196, 651, 196, 652, 196, 650, 196, 651, 196, 651, 196, 651, 196, 650, 196, 648, 196, 649, 197, 649, 200, 650, 205, 651, 209, 651, 211, 654, 213, 655, 215, 655, 216, 652, 218, 653, 222, 653, 226, 655, 235, 651, 275, 650, 659, 251, 1279, 98, 2050, 51, 2958, 41, 3734, 38, 4272, 35, 4642, 33, 4780, 31, 4893, 31, 5061, 30, 5172, 30, 5244, 30, 5287, 30, 5301, 30, 5323, 30, 5339, 30, 5346, 30, 5355, 29, 5362, 30, 5363, 30, 5361, 30, 5360, 30, 5354, 32, 5347, 31, 
0, 4886, 67, 4454, 86, 3424, 245, 2493, 326, 2106, 326, 1529, 312, 1155, 312, 914, 314, 828, 315, 704, 316, 660, 316, 595, 317, 552, 320, 537, 322, 513, 323, 495, 323, 488, 324, 479, 326, 475, 326, 473, 326, 471, 327, 470, 326, 470, 328, 470, 327, 469, 328, 469, 328, 468, 329, 469, 329, 469, 328, 470, 329, 471, 327, 472, 328, 474, 326, 475, 328, 475, 328, 476, 328, 477, 328, 479, 329, 480, 329, 483, 329, 484, 328, 485, 328, 486, 331, 486, 331, 486, 331, 483, 337, 479, 340, 478, 340, 475, 339, 474, 341, 474, 341, 473, 341, 473, 340, 473, 339, 474, 338, 474, 338, 475, 338, 475, 338, 476, 338, 477, 338, 
1, 487, 338, 488, 338, 487, 338, 487, 339, 486, 340, 486, 339, 487, 339, 490, 338, 491, 336, 492, 337, 494, 335, 496, 334, 497, 335, 498, 334, 499, 334, 499, 332, 500, 332, 502, 331, 502, 332, 503, 331, 504, 330, 504, 331, 504, 332, 504, 332, 505, 332, 506, 332, 510, 334, 512, 333, 515, 332, 518, 333, 529, 332, 569, 331, 728, 165, 1432, 69, 1840, 53, 2805, 39, 3219, 37, 3849, 33, 4118, 33, 4546, 31, 4843, 29, 5044, 29, 5120, 29, 5229, 28, 5269, 27, 5327, 28, 5362, 28, 5375, 28, 5392, 28, 5402, 29, 5404, 30, 5405, 32, 5398, 38, 5373, 50, 5247, 83, 4338, 212, 3111, 343, 2622, 335, 1905, 334, 1438, 337, 
0, 693, 347, 661, 347, 650, 345, 633, 344, 624, 344, 619, 344, 618, 343, 618, 344, 618, 343, 618, 342, 618, 341, 619, 340, 619, 340, 620, 339, 621, 339, 622, 339, 623, 338, 624, 340, 624, 338, 625, 336, 625, 337, 625, 336, 625, 336, 626, 336, 625, 336, 625, 335, 625, 335, 625, 335, 624, 335, 624, 335, 624, 334, 624, 335, 624, 334, 624, 333, 623, 333, 624, 335, 623, 336, 623, 337, 623, 337, 622, 337, 622, 337, 622, 337, 621, 339, 622, 338, 623, 338, 624, 338, 624, 337, 625, 338, 626, 339, 626, 339, 626, 341, 626, 340, 627, 340, 627, 341, 628, 341, 630, 340, 630, 340, 631, 341, 631, 341, 633, 340, 
0, 636, 338, 636, 338, 636, 338, 636, 338, 636, 340, 637, 340, 637, 340, 637, 340, 638, 341, 639, 341, 640, 342, 641, 342, 642, 342, 644, 343, 644, 342, 645, 343, 645, 344, 645, 345, 647, 348, 646, 349, 648, 349, 648, 349, 650, 350, 650, 349, 651, 350, 650, 350, 651, 351, 649, 352, 649, 352, 648, 352, 647, 353, 646, 353, 644, 355, 645, 355, 645, 355, 646, 356, 647, 356, 648, 356, 649, 355, 649, 355, 649, 354, 648, 355, 648, 353, 646, 354, 644, 353, 643, 353, 642, 353, 641, 353, 640, 353, 640, 353, 640, 353, 640, 352, 640, 352, 640, 352, 640, 352, 640, 352, 640, 352, 640, 352, 640, 352, 640, 351, 
0, 640, 350, 639, 350, 639, 350, 639, 349, 639, 350, 638, 349, 637, 349, 637, 349, 637, 348, 637, 348, 637, 348, 636, 348, 636, 348, 636, 348, 636, 348, 636, 347, 636, 349, 636, 349, 636, 350, 635, 351, 635, 350, 634, 349, 633, 349, 633, 350, 632, 351, 632, 350, 631, 350, 631, 350, 630, 350, 629, 350, 629, 350, 628, 350, 628, 350, 628, 349, 627, 349, 626, 350, 625, 351, 624, 351, 623, 351, 623, 350, 623, 350, 624, 350, 625, 350, 625, 349, 625, 349, 626, 349, 626, 350, 627, 350, 627, 349, 627, 350, 627, 349, 627, 348, 627, 348, 627, 348, 627, 348, 628, 348, 628, 348, 628, 348, 628, 347, 629, 347, 
1, 629, 348, 629, 347, 629, 348, 629, 348, 627, 347, 626, 347, 626, 347, 625, 347, 624, 346, 623, 346, 622, 346, 621, 347, 621, 346, 621, 348, 620, 349, 620, 349, 620, 349, 620, 350, 620, 349, 620, 348, 620, 348, 621, 348, 622, 347, 623, 348, 625, 348, 626, 349, 629, 351, 631, 352, 632, 352, 634, 353, 637, 354, 645, 353, 653, 354, 824, 150, 1611, 69, 2101, 51, 2546, 44, 3352, 38, 3948, 35, 4176, 34, 4542, 32, 4685, 31, 4901, 31, 5048, 31, 5101, 31, 5178, 32, 5205, 32, 5244, 34, 5269, 35, 5277, 37, 5280, 42, 5272, 51, 5141, 74, 4255, 124, 3311, 364, 2823, 464, 2054, 460, 1542, 454, 1356, 454, 1087, 454, 
0, 658, 454, 646, 452, 638, 453, 633, 454, 631, 456, 631, 456, 631, 456, 632, 459, 633, 458, 634, 458, 636, 458, 638, 459, 638, 459, 638, 460, 640, 461, 643, 460, 645, 459, 646, 459, 648, 457, 650, 458, 651, 459, 652, 459, 653, 461, 654, 460, 654, 460, 655, 461, 655, 463, 655, 463, 657, 465, 657, 466, 657, 467, 657, 468, 657, 468, 657, 469, 657, 470, 657, 470, 658, 469, 660, 472, 660, 471, 660, 471, 660, 474, 660, 474, 660, 475, 660, 474, 661, 475, 661, 475, 661, 476, 661, 477, 661, 476, 661, 474, 661, 474, 661, 471, 661, 470, 660, 469, 660, 468, 659, 468, 659, 467, 658, 467, 658, 467, 658, 467, 
1, 658, 465, 658, 465, 657, 467, 655, 467, 655, 468, 651, 468, 649, 467, 646, 467, 646, 466, 646, 467, 645, 466, 645, 465, 644, 465, 643, 465, 642, 463, 641, 466, 641, 465, 641, 466, 641, 464, 641, 465, 642, 465, 648, 464, 656, 463, 1028, 90, 1442, 59, 2288, 42, 2700, 38, 3417, 37, 3720, 35, 4216, 33, 4568, 31, 4701, 31, 4900, 29, 4974, 29, 5089, 28, 5175, 28, 5208, 27, 5258, 28, 5276, 28, 5305, 27, 5316, 27, 5333, 27, 5341, 27, 5354, 27, 5359, 28, 5366, 28, 5369, 29, 5369, 30, 5355, 33, 5341, 35, 5300, 41, 5195, 54, 4604, 90, 4182, 130, 3239, 337, 2756, 350, 2016, 332, 1748, 329, 1358, 327, 1107, 325, 
0, 734, 326, 707, 324, 689, 324, 678, 322, 671, 321, 666, 321, 665, 321, 663, 321, 662, 320, 661, 319, 660, 318, 660, 318, 659, 317, 660, 318, 660, 318, 661, 317, 661, 317, 662, 317, 663, 316, 664, 316, 667, 316, 668, 317, 669, 316, 670, 314, 672, 315, 673, 317, 673, 317, 673, 318, 675, 318, 675, 318, 677, 317, 677, 319, 679, 318, 680, 319, 682, 319, 682, 319, 683, 319, 684, 319, 685, 319, 686, 320, 687, 320, 688, 321, 690, 321, 690, 322, 691, 322, 693, 324, 693, 326, 694, 328, 694, 330, 695, 329, 696, 334, 696, 334, 696, 335, 696, 337, 696, 341, 696, 342, 696, 343, 696, 346, 696, 345, 696, 349, 
0, 696, 350, 697, 351, 697, 349, 697, 351, 697, 349, 697, 350, 697, 352, 697, 353, 696, 352, 696, 351, 696, 351, 696, 353, 696, 353, 696, 354, 696, 354, 696, 354, 696, 353, 696, 354, 697, 354, 697, 352, 697, 352, 698, 351, 698, 351, 699, 350, 700, 349, 701, 350, 701, 349, 701, 348, 701, 348, 702, 347, 703, 347, 704, 347, 704, 347, 704, 347, 704, 347, 704, 347, 704, 345, 703, 345, 703, 344, 702, 344, 701, 343, 701, 343, 701, 342, 701, 342, 700, 341, 700, 341, 699, 340, 699, 340, 698, 339, 698, 339, 698, 339, 695, 340, 694, 339, 693, 338, 691, 337, 691, 337, 689, 337, 689, 337, 688, 336, 688, 335, 
0, 687, 335, 686, 335, 685, 335, 684, 336, 682, 335, 682, 335, 682, 335, 681, 334, 681, 334, 681, 334, 680, 333, 679, 333, 678, 334, 678, 334, 678, 333, 678, 333, 678, 333, 678, 333, 678, 333, 678, 332, 678, 332, 678, 332, 678, 332, 678, 332, 678, 333, 678, 333, 678, 333, 678, 333, 677, 332, 677, 332, 677, 331, 677, 330, 677, 330, 677, 330, 677, 330, 677, 330, 676, 330, 676, 330, 676, 330, 676, 329, 676, 329, 676, 329, 676, 328, 676, 329, 676, 329, 676, 329, 676, 329, 675, 329, 675, 329, 675, 329, 675, 329, 674, 328, 674, 328, 674, 328, 674, 328, 673, 328, 673, 328, 673, 328, 673, 327, 673, 327, 
1, 673, 327, 673, 326, 674, 327, 675, 326, 674, 327, 673, 327, 672, 327, 671, 327, 671, 327, 670, 327, 670, 327, 670, 327, 669, 328, 668, 329, 668, 329, 668, 329, 669, 328, 669, 328, 671, 329, 672, 330, 676, 332, 681, 331, 783, 180, 1156, 101, 2023, 56, 2845, 45, 3227, 43, 3859, 39, 4297, 36, 4462, 35, 4718, 32, 4905, 32, 5040, 32, 5090, 32, 5165, 32, 5221, 32, 5243, 31, 5275, 32, 5294, 32, 5302, 32, 5312, 34, 5312, 36, 5310, 39, 5300, 47, 5276, 61, 5254, 72, 5114, 114, 4007, 250, 3432, 444, 2909, 443, 2115, 429, 1589, 413, 1399, 413, 1126, 409, 952, 408, 890, 408, 801, 407, 770, 407, 725, 404, 697, 405, 
0, 653, 404, 650, 403, 648, 404, 647, 404, 646, 403, 646, 403, 648, 404, 648, 403, 648, 404, 650, 404, 651, 405, 652, 406, 654, 406, 656, 407, 656, 409, 656, 409, 656, 410, 656, 412, 656, 414, 657, 413, 658, 413, 658, 413, 659, 413, 659, 414, 659, 415, 659, 416, 659, 415, 659, 414, 659, 416, 659, 417, 659, 419, 659, 419, 659, 420, 658, 420, 658, 419, 658, 418, 658, 419, 658, 419, 658, 419, 656, 417, 656, 416, 655, 415, 655, 415, 655, 415, 654, 415, 653, 414, 652, 414, 651, 414, 651, 414, 651, 414, 651, 414, 651, 415, 650, 414, 648, 415, 648, 416, 647, 416, 647, 416, 647, 415, 646, 415, 646, 416, 
1, 648, 414, 648, 413, 648, 412, 646, 411, 643, 411, 641, 410, 640, 410, 639, 410, 638, 410, 637, 410, 637, 410, 637, 410, 637, 410, 636, 409, 636, 408, 636, 407, 636, 407, 636, 407, 636, 406, 635, 407, 635, 406, 635, 407, 637, 408, 639, 408, 652, 408, 675, 408, 1347, 75, 2250, 44, 2712, 39, 3484, 35, 4011, 34, 4374, 32, 4519, 31, 4764, 29, 4861, 29, 5016, 28, 5127, 27, 5206, 28, 5260, 27, 5280, 27, 5310, 28, 5321, 27, 5336, 29, 5341, 29, 5345, 30, 5342, 32, 5338, 33, 5329, 37, 5316, 43, 5302, 48, 5202, 67, 4582, 122, 4059, 198, 3484, 350, 2498, 361, 1833, 355, 1593, 358, 1243, 363, 1118, 363, 941, 363, 
0, 680, 359, 662, 359, 655, 359, 646, 359, 639, 358, 637, 357, 634, 357, 632, 357, 631, 356, 631, 355, 631, 356, 629, 356, 629, 355, 629, 356, 629, 354, 629, 352, 629, 353, 630, 352, 631, 352, 632, 352, 633, 352, 634, 352, 635, 351, 636, 351, 636, 350, 636, 350, 636, 350, 636, 349, 636, 350, 636, 350, 636, 352, 637, 352, 637, 352, 638, 352, 639, 352, 639, 351, 641, 351, 642, 351, 644, 351, 645, 352, 646, 352, 648, 352, 650, 352, 651, 353, 653, 355, 654, 356, 656, 356, 657, 358, 658, 360, 659, 359, 659, 358, 661, 360, 662, 359, 664, 359, 665, 359, 666, 361, 667, 362, 667, 364, 667, 364, 668, 365, 
1, 675, 368, 675, 369, 675, 370, 675, 374, 675, 376, 675, 378, 675, 378, 674, 377, 674, 378, 674, 378, 674, 378, 674, 380, 674, 381, 673, 379, 673, 382, 672, 382, 672, 383, 672, 383, 673, 383, 674, 385, 674, 386, 674, 385, 674, 384, 677, 384, 697, 384, 969, 97, 1478, 65, 2466, 44, 3261, 41, 3562, 39, 4033, 37, 4209, 36, 4514, 34, 4637, 32, 4826, 31, 4899, 31, 5010, 31, 5089, 30, 5119, 30, 5144, 30, 5182, 30, 5199, 30, 5224, 30, 5243, 31, 5249, 31, 5256, 32, 5258, 33, 5258, 33, 5254, 35, 5246, 38, 5234, 43, 5208, 54, 5174, 62, 5016, 87, 4430, 157, 3882, 265, 2823, 348, 2413, 343, 1806, 347, 1408, 352, 
0, 782, 360, 745, 357, 732, 356, 713, 355, 700, 355, 692, 351, 686, 353, 684, 350, 681, 349, 680, 349, 678, 349, 677, 350, 676, 352, 676, 353, 676, 352, 676, 351, 676, 351, 676, 351, 676, 351, 675, 351, 674, 349, 673, 349, 673, 348, 671, 346, 670, 345, 669, 347, 669, 346, 669, 347, 668, 347, 668, 345, 668, 345, 668, 345, 669, 346, 669, 346, 669, 345, 670, 345, 670, 345, 670, 344, 670, 344, 669, 343, 668, 343, 668, 342, 668, 341, 667, 342, 666, 342, 666, 343, 664, 342, 664, 342, 663, 341, 663, 341, 663, 341, 663, 342, 663, 342, 662, 341, 662, 341, 662, 341, 662, 341, 663, 342, 662, 341, 662, 341, 
0, 660, 339, 660, 339, 659, 339, 659, 338, 659, 339, 659, 338, 659, 338, 659, 337, 659, 337, 660, 337, 660, 337, 660, 338, 660, 338, 660, 338, 661, 337, 661, 338, 662, 338, 662, 339, 662, 339, 662, 339, 664, 339, 664, 338, 666, 338, 668, 339, 669, 339, 671, 340, 671, 339, 671, 341, 671, 341, 672, 342, 673, 343, 673, 344, 674, 345, 674, 346, 675, 347, 676, 347, 677, 347, 678, 347, 678, 347, 677, 346, 678, 346, 678, 346, 678, 346, 678, 346, 678, 347, 678, 347, 678, 346, 679, 346, 680, 348, 681, 349, 681, 349, 681, 352, 681, 353, 683, 355, 684, 356, 685, 357, 686, 358, 686, 360, 687, 361, 688, 361, 
0, 693, 367, 693, 368, 694, 368, 694, 368, 695, 368, 696, 368, 696, 369, 696, 368, 696, 369, 696, 369, 695, 369, 693, 370, 693, 370, 693, 371, 693, 372, 694, 372, 694, 371, 693, 370, 694, 371, 694, 371, 694, 371, 694, 370, 694, 368, 694, 368, 694, 367, 695, 367, 694, 366, 694, 365, 693, 365, 693, 365, 693, 365, 693, 364, 693, 364, 693, 363, 693, 362, 692, 362, 692, 361, 691, 361, 691, 361, 690, 361, 689, 360, 689, 360, 689, 361, 689, 361, 689, 361, 689, 360, 688, 360, 687, 358, 687, 358, 686, 357, 684, 357, 683, 356, 682, 356, 681, 356, 681, 356, 681, 356, 680, 355, 680, 356, 680, 356, 680, 355, 
1, 659, 351, 658, 351, 658, 350, 658, 351, 657, 350, 657, 350, 657, 350, 657, 350, 657, 350, 657, 349, 657, 349, 657, 349, 657, 349, 657, 349, 657, 349, 657, 349, 656, 349, 655, 348, 655, 348, 655, 348, 655, 348, 655, 347, 661, 347, 668, 347, 695, 348, 1451, 67, 2491, 51, 2938, 49, 3635, 48, 3898, 47, 4294, 43, 4441, 41, 4668, 40, 4832, 37, 4895, 36, 5009, 34, 5057, 33, 5134, 32, 5164, 33, 5210, 32, 5229, 31, 5256, 31, 5267, 31, 5283, 32, 5293, 32, 5296, 33, 5299, 34, 5299, 35, 5297, 39, 5291, 44, 5283, 46, 5262, 57, 5243, 65, 5089, 91, 4942, 113, 4126, 185, 3681, 293, 2716, 377, 2012, 368, 1542, 376, 
0, 816, 395, 760, 393, 724, 395, 701, 395, 686, 396, 677, 399, 671, 401, 667, 404, 665, 404, 664, 403, 664, 403, 664, 401, 665, 402, 666, 402, 668, 404, 669, 404, 670, 404, 671, 406, 673, 406, 674, 408, 674, 408, 674, 410, 674, 410, 675, 412, 676, 413, 676, 412, 677, 413, 678, 415, 678, 417, 680, 419, 680, 419, 680, 425, 680, 426, 680, 427, 681, 428, 681, 427, 682, 425, 683, 425, 684, 426, 684, 426, 684, 427, 684, 427, 684, 425, 685, 424, 685, 424, 685, 427, 685, 428, 686, 428, 686, 428, 686, 428, 685, 430, 685, 428, 686, 430, 687, 430, 687, 430, 688, 432, 688, 433, 688, 431, 689, 432, 689, 434, 
0, 687, 426, 686, 425, 685, 425, 683, 423, 683, 423, 682, 422, 681, 422, 681, 421, 681, 420, 681, 420, 681, 420, 681, 419, 682, 420, 681, 418, 681, 418, 681, 417, 681, 416, 680, 416, 678, 416, 678, 415, 676, 415, 676, 415, 675, 415, 674, 415, 673, 413, 673, 413, 672, 412, 671, 412, 671, 411, 671, 410, 671, 409, 671, 409, 671, 409, 670, 408, 668, 408, 668, 407, 667, 408, 667, 407, 666, 407, 665, 407, 664, 406, 663, 406, 661, 405, 660, 406, 660, 405, 659, 404, 659, 404, 659, 404, 659, 403, 659, 403, 659, 402, 659, 402, 658, 401, 658, 401, 658, 401, 658, 402, 658, 402, 658, 401, 659, 401, 659, 400, 
1, 657, 399, 656, 399, 656, 399, 656, 398, 656, 398, 656, 397, 656, 397, 655, 397, 655, 397, 655, 397, 655, 397, 655, 397, 654, 396, 654, 396, 655, 396, 655, 396, 655, 395, 655, 395, 655, 395, 655, 395, 655, 394, 656, 394, 657, 394, 661, 394, 668, 395, 1098, 95, 1549, 70, 2500, 51, 2932, 49, 3577, 45, 3832, 42, 4231, 40, 4514, 38, 4632, 37, 4809, 36, 4934, 35, 4981, 36, 5050, 35, 5097, 35, 5114, 35, 5128, 35, 5150, 35, 5165, 37, 5171, 37, 5176, 41, 5173, 43, 5127, 49, 5062, 62, 5010, 71, 4800, 101, 4574, 130, 3653, 293, 3127, 427, 2275, 428, 1959, 424, 1495, 425, 1193, 425, 1086, 423, 929, 426, 873, 425, 
0, 669, 421, 660, 422, 657, 421, 652, 424, 649, 423, 649, 422, 649, 422, 650, 422, 650, 422, 651, 421, 652, 421, 654, 421, 655, 421, 655, 421, 655, 423, 656, 425, 656, 428, 656, 431, 657, 432, 657, 432, 658, 432, 658, 432, 659, 435, 661, 440, 660, 443, 661, 443, 662, 444, 662, 444, 663, 443, 664, 442, 665, 443, 665, 444, 665, 444, 665, 443, 665, 447, 665, 445, 665, 447, 665, 448, 667, 451, 667, 451, 669, 453, 669, 453, 669, 452, 670, 453, 671, 454, 671, 456, 671, 455, 672, 455, 672, 457, 674, 458, 674, 458, 674, 456, 675, 457, 675, 456, 675, 453, 675, 454, 673, 453, 672, 452, 672, 452, 672, 451, 
0, 672, 446, 672, 446, 672, 444, 672, 442, 671, 441, 670, 441, 668, 438, 667, 437, 666, 436, 666, 435, 666, 432, 664, 432, 662, 432, 661, 431, 661, 431, 660, 429, 659, 429, 659, 428, 659, 427, 659, 427, 658, 427, 658, 427, 658, 426, 657, 425, 657, 424, 656, 424, 655, 423, 655, 423, 654, 422, 654, 423, 652, 422, 652, 422, 650, 421, 649, 421, 649, 421, 649, 421, 648, 422, 647, 421, 645, 420, 645, 420, 645, 421, 646, 421, 646, 422, 646, 422, 645, 422, 645, 421, 644, 420, 644, 420, 644, 419, 644, 419, 643, 419, 643, 418, 643, 417, 642, 417, 641, 418, 641, 417, 641, 418, 642, 417, 642, 416, 642, 416, 
1, 642, 415, 642, 415, 642, 415, 641, 415, 641, 415, 641, 414, 640, 414, 640, 413, 640, 413, 640, 413, 640, 413, 640, 412, 639, 413, 639, 413, 639, 414, 638, 414, 638, 414, 638, 414, 638, 414, 638, 414, 638, 414, 638, 412, 639, 412, 645, 412, 680, 415, 1400, 68, 1834, 53, 2653, 44, 3315, 42, 3784, 40, 4097, 36, 4220, 35, 4325, 35, 4511, 32, 4662, 31, 4721, 31, 4771, 31, 4851, 30, 4917, 30, 4944, 30, 4983, 31, 5009, 31, 5015, 32, 5016, 32, 5003, 36, 4988, 37, 4919, 44, 4765, 61, 4565, 75, 3836, 151, 3390, 276, 2491, 327, 2139, 319, 1618, 313, 1430, 313, 1157, 313, 1060, 313, 920, 312, 830, 313, 798, 314, 
0, 685, 314, 681, 315, 680, 314, 679, 314, 678, 313, 678, 314, 678, 313, 678, 315, 677, 316, 677, 317, 677, 318, 678, 318, 678, 318, 678, 321, 678, 321, 679, 323, 680, 323, 681, 326, 681, 328, 682, 328, 682, 328, 682, 329, 683, 331, 684, 330, 684, 330, 685, 329, 686, 329, 686, 328, 687, 328, 688, 329, 688, 331, 687, 331, 687, 333, 687, 333, 687, 333, 686, 332, 687, 331, 688, 330, 688, 330, 688, 331, 688, 330, 688, 329, 687, 329, 686, 328, 685, 327, 683, 326, 682, 326, 681, 326, 680, 325, 679, 326, 678, 327, 677, 327, 674, 329, 671, 330, 667, 334, 662, 336, 659, 338, 651, 339, 646, 339, 642, 339, 
0, 599, 337, 590, 343, 583, 342, 574, 340, 568, 338, 566, 338, 560, 338, 552, 337, 546, 336, 543, 336, 537, 335, 533, 334, 521, 334, 505, 335, 488, 333, 480, 333, 473, 334, 462, 333, 457, 334, 448, 335, 440, 335, 434, 334, 433, 333, 430, 333, 429, 333, 426, 334, 424, 334, 422, 334, 421, 335, 419, 336, 417, 337, 416, 337, 412, 337, 410, 336, 407, 336, 406, 336, 403, 336, 402, 337, 401, 336, 400, 337, 400, 336, 400, 336, 400, 336, 400, 336, 400, 337, 399, 335, 397, 336, 396, 336, 394, 337, 394, 338, 391, 338, 389, 338, 390, 338, 392, 339, 396, 339, 399, 339, 399, 339, 399, 341, 399, 340, 399, 341, 
0, 397, 343, 397, 343, 397, 343, 397, 344, 399, 344, 400, 343, 401, 343, 401, 343, 401, 342, 401, 342, 400, 342, 399, 342, 399, 341, 397, 340, 396, 339, 394, 339, 395, 339, 395, 338, 397, 338, 397, 338, 397, 337, 397, 337, 397, 337, 398, 337, 398, 338, 399, 339, 400, 338, 402, 339, 403, 339, 406, 340, 409, 340, 410, 339, 414, 340, 417, 340, 419, 341, 420, 340, 421, 340, 424, 342, 428, 342, 431, 341, 433, 342, 435, 341, 437, 341, 439, 342, 440, 342, 444, 342, 447, 343, 449, 343, 451, 345, 454, 344, 458, 345, 460, 346, 464, 348, 468, 347, 472, 348, 478, 348, 483, 347, 488, 348, 492, 348, 494, 349, 
0, 370, 358, 367, 361, 363, 366, 361, 370, 359, 373, 357, 380, 353, 388, 349, 393, 345, 398, 340, 401, 337, 399, 338, 397, 345, 392, 350, 390, 359, 387, 366, 386, 369, 385, 373, 389, 377, 388, 379, 389, 383, 388, 386, 387, 386, 387, 387, 389, 388, 391, 391, 396, 394, 388, 405, 372, 413, 368, 424, 367, 426, 364, 430, 360, 420, 371, 362, 402, 270, 437, 182, 474, 141, 474, 73, 497, 3, 447, -15, 434, -34, 327, -31, 296, -20, 288, -14, 287, -7, 289, -4, 293, -3, 302, -7, 293, -9, 291, -17, 295, -24, 304, -27, 317, -30, 317, -30, 313, -30, 315, -32, 309, -35, 307, -39, 305, -54, 307, -70, 299, 
0, -143, 361, -175, 358, -204, 347, -217, 346, -234, 342, -244, 340, -249, 338, -253, 335, -251, 340, -243, 362, -227, 382, -193, 387, -176, 386, -151, 370, -141, 350, -141, 350, -143, 350, -147, 348, -161, 346, -179, 349, -188, 354, -204, 351, -220, 347, -240, 339, -250, 334, -272, 328, -273, 325, -268, 323, -260, 323, -250, 326, -234, 329, -227, 331, -213, 333, -208, 333, -200, 340, -197, 343, -194, 343, -193, 342, -191, 343, -190, 350, -189, 350, -189, 346, -188, 352, -187, 360, -187, 357, -188, 343, -190, 340, -194, 337, -197, 335, -201, 335, -203, 336, -204, 337, -205, 336, -205, 337, -205, 337, -204, 335, -199, 331, -189, 324, -182, 322, -165, 324, 
0, -83, 365, -60, 378, -52, 387, -40, 397, -34, 400, -21, 412, -11, 428, -7, 440, 0, 452, 3, 470, 6, 492, 8, 496, 9, 518, 10, 514, 12, 516, 14, 514, 15, 513, 16, 503, 17, 510, 17, 499, 17, 486, 13, 477, 7, 478, 0, 488, -15, 505, -34, 509, -48, 511, -65, 514, -104, 507, -120, 504, -144, 498, -159, 491, -161, 491, -157, 489, -149, 491, -128, 491, -118, 478, -97, 465, -87, 461, -68, 455, -60, 450, -53, 448, -56, 452, -58, 444, -59, 441, -56, 437, -48, 441, -44, 439, -42, 443, -45, 442, -58, 443, -76, 447, -85, 448, -98, 447, -103, 447, -107, 442, -107, 438, -108, 441, -117, 440, -118, 443, 
0, -111, 443, -102, 444, -79, 446, -67, 454, -45, 455, -29, 457, -18, 458, -10, 468, 21, 484, 41, 482, 99, 484, 149, 504, 173, 505, 163, 513, 94, 530, 17, 508, -56, 466, -73, 451, -95, 454, -107, 468, -108, 465, -120, 474, -146, 485, -190, 503, -208, 481, -187, 430, -184, 528, -261, 487, -301, 337, -307, 327, -304, 330, -298, 335, -280, 404, -257, 476, -244, 476, -215, 478, -200, 473, -172, 480, -157, 493, -130, 529, -115, 534, -112, 542, -107, 564, -110, 582, -118, 579, -125, 577, -125, 559, -123, 547, -124, 555, -125, 557, -125, 554, -119, 540, -113, 548, -110, 562, -111, 581, -114, 615, -116, 615, -118, 598, -117, 543, -114, 532, 
0, -70, 503, -58, 495, -40, 525, -29, 524, -9, 515, 5, 512, 8, 569, 7, 581, 2, 575, -9, 565, -19, 551, -42, 538, -69, 529, -100, 490, -121, 399, -123, 386, -125, 346, -127, 338, -132, 332, -140, 368, -144, 374, -148, 382, -151, 418, -153, 426, -154, 424, -155, 411, -156, 412, -152, 407, -151, 429, -149, 442, -148, 440, -148, 436, -147, 359, -145, 321, -144, 296, -146, 278, -129, 269, -98, 270, -14, 306, 21, 332, 68, 370, 95, 405, 105, 415, 122, 404, 128, 398, 133, 384, 134, 378, 134, 363, 131, 360, 126, 355, 121, 353, 110, 347, 96, 351, 78, 364, 59, 378, 49, 374, 28, 383, 5, 389, -5, 390, -28, 384, 
0, -144, 285, -159, 271, -165, 262, -167, 256, -172, 253, -175, 249, -190, 232, -205, 198, -213, 177, -214, 143, -208, 125, -202, 118, -186, 112, -175, 107, -153, 101, -144, 98, -128, 93, -115, 88, -107, 86, -99, 85, -87, 85, -77, 84, -67, 82, -61, 81, -49, 78, -44, 77, -31, 75, -26, 74, -20, 77, -22, 89, -31, 105, -35, 130, -36, 131, -46, 153, -73, 175, -103, 199, -110, 189, -113, 187, -116, 189, -104, 140, -98, 136, -96, 150, -92, 158, -95, 144, -99, 131, -100, 129, -96, 126, -90, 123, -76, 113, -74, 100, -78, 89, -93, 83, -98, 82, -90, 80, -87, 80, -91, 84, -106, 98, -108, 108, -98, 134, -94, 149, 
0, -7, 199, 11, 209, 21, 212, 41, 202, 56, 190, 69, 181, 75, 179, 84, 178, 89, 177, 88, 174, 83, 163, 76, 174, 72, 222, 69, 263, 69, 301, 69, 316, 69, 312, 69, 290, 69, 283, 69, 274, 70, 258, 73, 255, 75, 257, 78, 255, 79, 253, 83, 251, 85, 251, 90, 250, 94, 248, 95, 248, 97, 246, 98, 245, 101, 242, 103, 240, 104, 239, 105, 240, 105, 239, 106, 238, 109, 238, 112, 237, 112, 237, 113, 236, 112, 235, 109, 235, 108, 235, 106, 235, 105, 235, 102, 234, 101, 234, 100, 234, 100, 233, 98, 233, 97, 233, 96, 233, 95, 233, 94, 233, 93, 232, 92, 232, 90, 232, 88, 232, 
0, 82, 231, 81, 231, 81, 231, 80, 231, 80, 230, 80, 230, 80, 230, 79, 230, 79, 230, 79, 230, 78, 230, 78, 230, 78, 229, 77, 229, 76, 229, 75, 229, 74, 229, 74, 229, 73, 229, 72, 229, 71, 229, 71, 229, 70, 229, 70, 229, 70, 228, 69, 228, 69, 228, 69, 228, 69, 228, 69, 228, 70, 228, 70, 228, 70, 228, 70, 228, 70, 228, 69, 227, 69, 228, 69, 227, 69, 227, 68, 227, 68, 227, 68, 227, 68, 227, 67, 227, 67, 227, 66, 227, 66, 226, 66, 227, 66, 226, 67, 227, 67, 227, 66, 227, 66, 226, 65, 226, 65, 226, 65, 226, 64, 226, 64, 226, 64, 226, 65, 226, 
