0, 44, 580, 48, 624, 47, 632, 48, 608, 48, 598, 46, 601, 45, 598, 43, 599, 42, 598, 41, 594, 41, 593, 41, 594, 40, 593, 40, 592, 40, 592, 40, 592, 40, 591, 40, 591, 40, 590, 40, 590, 41, 590, 44, 591, 46, 591, 51, 590, 54, 590, 64, 590, 72, 590, 99, 528, 119, 412, 157, 294, 217, 297, 279, 251, 420, 164, 444, 142, 465, 117, 477, 110, 485, 105, 493, 100, 510, 91, 523, 90, 531, 89, 548, 89, 556, 90, 573, 87, 580, 87, 587, 96, 585, 105, 581, 114, 564, 126, 552, 121, 537, 126, 529, 135, 511, 147, 498, 154, 468, 169, 438, 178, 423, 184, 385, 267, 361, 275, 318, 303, 
0, 279, 236, 279, 226, 280, 222, 290, 215, 304, 204, 311, 203, 327, 219, 339, 244, 345, 243, 358, 231, 370, 224, 372, 229, 375, 220, 376, 193, 372, 187, 363, 185, 353, 197, 348, 202, 343, 206, 342, 205, 340, 204, 335, 232, 332, 233, 327, 229, 324, 223, 324, 218, 323, 218, 320, 221, 315, 217, 312, 217, 307, 220, 305, 222, 300, 224, 298, 225, 293, 225, 288, 220, 280, 214, 276, 210, 273, 206, 264, 202, 255, 200, 251, 201, 246, 204, 236, 208, 230, 211, 229, 211, 230, 214, 234, 226, 236, 228, 232, 238, 211, 324, 188, 392, 139, 411, 101, 425, 85, 437, 72, 439, 56, 459, 52, 497, 53, 520, 64, 524, 
0, 35, 503, 33, 497, 32, 495, 28, 498, 22, 493, 21, 492, 20, 486, 20, 480, 28, 475, 42, 484, 56, 484, 67, 483, 75, 476, 78, 480, 79, 519, 75, 526, 70, 501, 66, 490, 59, 501, 55, 492, 50, 469, 46, 401, 40, 312, 36, 335, 33, 463, 30, 476, 26, 452, 24, 418, 22, 457, 21, 484, 26, 479, 32, 485, 43, 484, 46, 481, 51, 476, 54, 440, 55, 417, 51, 348, 49, 329, 48, 357, 48, 395, 45, 445, 39, 452, 35, 439, 29, 436, 26, 448, 21, 456, 19, 456, 14, 456, 11, 453, 7, 450, 4, 466, 2, 474, 0, 476, -2, 475, -5, 466, -7, 459, -12, 447, -17, 440, -24, 445, 
0, -40, 456, -46, 449, -48, 454, -50, 478, -51, 490, -52, 510, -51, 528, -50, 476, -33, 318, -21, 265, 4, 192, 37, 130, 62, 103, 67, 100, 75, 100, 82, 99, 110, 103, 123, 108, 151, 116, 172, 127, 173, 133, 163, 147, 149, 150, 142, 154, 128, 161, 123, 165, 111, 178, 105, 186, 97, 199, 93, 205, 89, 212, 85, 215, 82, 219, 71, 216, 65, 217, 54, 221, 42, 240, 38, 242, 29, 245, 16, 255, 9, 259, -2, 274, -9, 301, -11, 312, -11, 319, -9, 328, -3, 338, 0, 352, 2, 358, 1, 360, -4, 355, -7, 363, -12, 379, -17, 384, -19, 372, -27, 360, -34, 364, -50, 376, -64, 366, -70, 356, 
0, -60, 378, -56, 378, -49, 398, -47, 413, -43, 388, -41, 389, -33, 420, -30, 427, -26, 435, -23, 457, -22, 467, -21, 471, -21, 463, -22, 453, -22, 444, -21, 436, -21, 438, -21, 446, -22, 442, -23, 428, -23, 426, -22, 418, -22, 414, -23, 418, -22, 431, -22, 433, -21, 439, -19, 440, -17, 438, -14, 441, -8, 440, 0, 441, 4, 447, 16, 464, 22, 472, 36, 473, 45, 474, 64, 468, 71, 463, 76, 463, 75, 457, 72, 444, 70, 439, 67, 429, 65, 425, 62, 416, 61, 414, 59, 413, 54, 420, 51, 426, 43, 438, 38, 441, 29, 424, 21, 413, 18, 411, 12, 405, 8, 404, 4, 412, 2, 414, -2, 414, 
0, -29, 454, -32, 452, -35, 450, -41, 448, -47, 447, -51, 448, -52, 449, -55, 445, -56, 444, -56, 437, -56, 435, -56, 434, -56, 437, -56, 438, -55, 441, -53, 451, -51, 460, -49, 461, -46, 462, -45, 457, -45, 456, -45, 455, -45, 454, -45, 453, -45, 452, -45, 448, -45, 447, -45, 447, -43, 443, -41, 438, -41, 434, -39, 431, -37, 431, -34, 432, -32, 433, -29, 432, -25, 429, -23, 426, -20, 424, -18, 422, -15, 423, -10, 424, -6, 426, -4, 428, -2, 431, -1, 430, 0, 431, 0, 430, 1, 432, 4, 440, 6, 446, 10, 448, 12, 447, 14, 447, 15, 443, 17, 442, 21, 440, 24, 440, 23, 448, 18, 457, 
0, -7, 456, -11, 466, -12, 467, -14, 467, -20, 466, -23, 467, -31, 482, -38, 475, -39, 467, -37, 499, -37, 492, -37, 487, -38, 464, -41, 473, -42, 493, -41, 496, -39, 492, -36, 494, -29, 511, -27, 518, -24, 507, -24, 503, -27, 503, -30, 509, -31, 507, -34, 502, -35, 509, -38, 504, -40, 504, -44, 503, -46, 502, -50, 491, -52, 479, -52, 476, -52, 470, -51, 472, -52, 476, -52, 476, -54, 483, -55, 483, -56, 494, -57, 504, -59, 499, -63, 516, -66, 537, -71, 556, -74, 564, -81, 572, -84, 571, -89, 565, -91, 578, -93, 590, -98, 597, -102, 604, -107, 598, -108, 584, -109, 563, -111, 576, -117, 594, -121, 598, 
0, -146, 509, -134, 441, -111, 424, -95, 440, -91, 439, -88, 416, -85, 415, -82, 443, -75, 521, -59, 511, -46, 504, -35, 500, -14, 503, -7, 502, -3, 494, -2, 489, -8, 470, -10, 461, -9, 475, -12, 600, -13, 613, -12, 629, -10, 637, -6, 637, 1, 617, 4, 617, 5, 633, 3, 673, 5, 655, 21, 611, 33, 592, 49, 594, 15, 597, -11, 645, -49, 639, -49, 625, -33, 627, -24, 625, -15, 624, -22, 629, -31, 628, -48, 637, -58, 643, -70, 645, -98, 661, -138, 649, -167, 647, -190, 634, -193, 638, -195, 648, -193, 662, -164, 697, -151, 706, -130, 706, -117, 698, -113, 683, -109, 676, -110, 669, -119, 671, -125, 671, 
0, -197, 671, -201, 666, -202, 667, -204, 668, -205, 668, -205, 667, -205, 668, -206, 669, -206, 669, -199, 671, -187, 673, -176, 679, -172, 682, -169, 684, -169, 682, -160, 678, -153, 679, -137, 681, -122, 665, -117, 660, -110, 655, -108, 648, -102, 630, -91, 608, -86, 597, -75, 582, -69, 576, -59, 566, -54, 558, -47, 553, -44, 551, -39, 543, -37, 537, -32, 528, -27, 524, -25, 521, -22, 520, -21, 520, -20, 526, -20, 526, -21, 528, -23, 530, -28, 542, -34, 547, -38, 543, -45, 536, -48, 532, -51, 526, -51, 522, -49, 516, -48, 513, -46, 505, -43, 504, -40, 508, -36, 513, -34, 516, -29, 521, -27, 527, -22, 540, -20, 554, 
0, 106, 626, 105, 626, 103, 625, 101, 627, 101, 625, 100, 626, 99, 625, 99, 626, 99, 624, 99, 625, 99, 622, 99, 623, 99, 624, 99, 623, 99, 622, 99, 621, 99, 622, 99, 620, 99, 620, 99, 623, 99, 621, 99, 619, 99, 618, 99, 618, 99, 617, 99, 617, 99, 616, 99, 616, 99, 615, 99, 615, 99, 615, 99, 615, 99, 614, 99, 614, 100, 613, 100, 613, 100, 612, 100, 612, 101, 612, 101, 613, 101, 613, 101, 614, 101, 615, 101, 615, 101, 614, 101, 616, 101, 617, 101, 616, 101, 616, 101, 616, 101, 617, 101, 619, 101, 621, 101, 621, 101, 620, 101, 619, 101, 619, 101, 619, 101, 618, 101, 619, 
0, 101, 618, 101, 617, 101, 617, 101, 618, 101, 618, 101, 619, 101, 618, 102, 619, 102, 618, 102, 619, 102, 622, 102, 622, 102, 621, 102, 620, 103, 619, 103, 620, 103, 620, 104, 620, 104, 621, 105, 620, 105, 621, 106, 625, 105, 624, 106, 624, 106, 624, 106, 624, 106, 624, 106, 623, 106, 625, 106, 624, 106, 624, 106, 623, 107, 623, 107, 623, 108, 622, 108, 621, 109, 622, 109, 622, 110, 623, 111, 622, 110, 623, 111, 623, 111, 622, 111, 622, 111, 622, 111, 622, 111, 623, 110, 625, 109, 629, 107, 630, 106, 629, 106, 630, 105, 629, 104, 629, 103, 627, 103, 627, 103, 627, 103, 626, 103, 626, 103, 626, 
0, 103, 626, 103, 625, 102, 624, 101, 625, 101, 625, 101, 625, 101, 625, 101, 625, 101, 625, 101, 625, 101, 625, 101, 624, 101, 625, 101, 626, 102, 626, 102, 624, 102, 626, 102, 627, 102, 626, 102, 626, 102, 625, 102, 626, 102, 626, 102, 628, 101, 628, 101, 627, 101, 628, 100, 628, 100, 627, 100, 627, 100, 626, 100, 626, 100, 628, 100, 627, 100, 627, 100, 626, 100, 626, 100, 626, 100, 625, 100, 625, 100, 624, 100, 623, 99, 622, 99, 622, 99, 621, 99, 621, 99, 621, 99, 619, 99, 619, 99, 618, 99, 619, 99, 618, 99, 618, 99, 617, 99, 618, 99, 618, 99, 617, 99, 617, 99, 617, 99, 617, 
1, 99, 616, 99, 616, 99, 617, 99, 617, 99, 616, 99, 616, 99, 616, 99, 617, 99, 619, 98, 619, 97, 620, 97, 619, 97, 619, 97, 619, 97, 616, 97, 620, 97, 620, 97, 619, 97, 618, 97, 618, 97, 617, 97, 618, 97, 615, 97, 617, 98, 624, 98, 632, 97, 633, 95, 637, 94, 635, 92, 637, 92, 636, 92, 636, 92, 635, 92, 634, 94, 636, 95, 635, 98, 635, 102, 638, 114, 608, 144, 589, 172, 555, 269, 563, 353, 396, 861, 132, 1099, 110, 1355, 228, 1245, 265, 1007, 427, 852, 460, 802, 454, 686, 455, 605, 456, 473, 449, 423, 450, 350, 448, 324, 447, 285, 445, 260, 445, 251, 445, 236, 443, 
0, 208, 436, 206, 435, 205, 435, 203, 435, 201, 434, 201, 433, 201, 434, 200, 434, 200, 433, 200, 432, 200, 432, 200, 431, 199, 433, 199, 434, 199, 435, 199, 435, 199, 434, 199, 434, 199, 434, 199, 434, 199, 435, 199, 433, 199, 433, 199, 432, 199, 432, 200, 432, 200, 433, 200, 433, 200, 433, 200, 433, 200, 432, 200, 432, 201, 431, 201, 432, 201, 431, 201, 432, 202, 431, 203, 431, 205, 430, 205, 430, 206, 429, 206, 429, 206, 428, 207, 429, 208, 427, 208, 427, 209, 428, 210, 426, 210, 426, 210, 425, 210, 425, 210, 425, 211, 424, 211, 423, 212, 422, 212, 422, 212, 422, 213, 422, 213, 421, 214, 421, 
0, 216, 419, 216, 419, 216, 420, 216, 420, 216, 419, 216, 418, 216, 417, 216, 417, 216, 416, 216, 416, 216, 415, 216, 415, 216, 415, 217, 415, 217, 415, 217, 416, 217, 415, 217, 414, 217, 414, 217, 415, 217, 415, 217, 415, 217, 415, 217, 414, 216, 415, 216, 414, 216, 414, 216, 414, 216, 413, 216, 414, 216, 413, 216, 413, 216, 414, 215, 415, 215, 414, 214, 415, 214, 415, 214, 416, 214, 417, 214, 416, 213, 416, 212, 416, 211, 415, 211, 415, 211, 415, 211, 416, 210, 416, 210, 416, 209, 417, 209, 417, 209, 417, 207, 417, 206, 418, 205, 418, 204, 419, 204, 419, 203, 419, 202, 420, 202, 419, 202, 419, 
0, 202, 420, 202, 420, 201, 420, 201, 420, 200, 421, 200, 420, 200, 420, 200, 420, 200, 419, 199, 419, 199, 420, 199, 420, 199, 418, 199, 419, 199, 419, 199, 419, 199, 419, 199, 420, 199, 420, 199, 421, 199, 421, 199, 421, 199, 421, 199, 421, 199, 421, 199, 421, 199, 422, 199, 421, 199, 420, 199, 420, 199, 420, 199, 420, 199, 420, 199, 420, 198, 422, 198, 422, 198, 422, 197, 422, 197, 422, 197, 421, 197, 422, 197, 422, 197, 421, 197, 421, 197, 420, 197, 419, 197, 419, 197, 419, 197, 419, 197, 419, 197, 419, 197, 418, 197, 418, 197, 419, 197, 419, 197, 419, 197, 419, 197, 419, 197, 419, 197, 419, 
1, 197, 419, 197, 419, 197, 419, 197, 419, 197, 419, 197, 419, 197, 419, 197, 420, 197, 419, 197, 419, 197, 419, 197, 419, 197, 419, 197, 419, 197, 419, 197, 419, 197, 419, 197, 419, 198, 421, 198, 420, 199, 425, 199, 428, 200, 430, 202, 434, 208, 446, 240, 433, 368, 320, 756, 150, 1107, 228, 1126, 262, 1759, 293, 1401, 370, 1175, 416, 1104, 438, 1002, 478, 899, 491, 664, 492, 581, 482, 471, 475, 432, 471, 376, 465, 356, 463, 327, 460, 306, 459, 297, 460, 284, 457, 279, 458, 272, 454, 270, 452, 267, 450, 265, 449, 262, 449, 260, 448, 260, 449, 259, 451, 259, 451, 259, 451, 257, 450, 257, 449, 256, 449, 
0, 254, 446, 254, 447, 254, 446, 253, 446, 254, 446, 253, 446, 253, 445, 253, 444, 253, 444, 253, 444, 253, 444, 253, 444, 252, 444, 252, 443, 252, 442, 252, 441, 252, 441, 252, 441, 252, 441, 252, 441, 252, 441, 252, 441, 253, 442, 253, 442, 253, 443, 252, 443, 252, 443, 252, 443, 252, 444, 252, 444, 252, 444, 252, 445, 252, 445, 253, 444, 253, 444, 252, 443, 252, 443, 251, 443, 250, 444, 249, 444, 248, 446, 247, 446, 245, 446, 245, 445, 244, 445, 243, 444, 241, 444, 241, 444, 241, 444, 241, 444, 240, 445, 239, 444, 239, 444, 239, 447, 239, 447, 238, 448, 238, 448, 237, 449, 237, 447, 237, 447, 
0, 236, 446, 236, 445, 236, 445, 235, 446, 235, 446, 235, 446, 234, 445, 235, 445, 234, 444, 234, 445, 234, 445, 235, 446, 236, 446, 236, 447, 237, 449, 237, 449, 236, 448, 236, 447, 236, 447, 236, 448, 236, 448, 236, 448, 236, 447, 236, 447, 236, 446, 235, 446, 233, 446, 233, 447, 233, 446, 233, 446, 233, 445, 233, 444, 233, 444, 233, 444, 233, 443, 233, 444, 233, 443, 232, 443, 232, 443, 231, 443, 231, 443, 231, 442, 232, 442, 232, 442, 232, 442, 232, 442, 231, 442, 231, 441, 230, 441, 230, 441, 230, 441, 230, 441, 230, 440, 230, 440, 231, 441, 230, 441, 231, 441, 231, 441, 231, 440, 231, 440, 
1, 232, 441, 232, 441, 233, 440, 234, 441, 234, 442, 235, 442, 235, 442, 235, 442, 235, 442, 236, 443, 236, 441, 236, 441, 237, 440, 237, 440, 237, 439, 237, 439, 237, 438, 237, 439, 238, 438, 238, 437, 239, 437, 240, 434, 241, 432, 243, 432, 249, 432, 282, 430, 743, 143, 970, 278, 1024, 509, 902, 661, 842, 679, 719, 674, 647, 670, 514, 696, 414, 691, 378, 689, 324, 689, 306, 688, 280, 688, 271, 687, 256, 686, 249, 687, 239, 686, 235, 686, 230, 684, 226, 682, 223, 682, 221, 681, 220, 682, 220, 679, 219, 680, 218, 680, 218, 680, 217, 682, 217, 681, 216, 682, 215, 683, 213, 681, 212, 683, 212, 680, 
0, 207, 683, 207, 683, 205, 686, 203, 687, 202, 687, 202, 686, 201, 685, 201, 686, 201, 686, 200, 687, 199, 688, 199, 687, 199, 687, 198, 687, 198, 687, 198, 685, 198, 686, 197, 687, 197, 687, 197, 687, 195, 690, 193, 690, 191, 692, 189, 692, 188, 693, 187, 693, 185, 693, 185, 693, 185, 690, 185, 690, 186, 691, 186, 691, 186, 692, 185, 693, 185, 692, 185, 693, 185, 693, 185, 692, 186, 692, 186, 692, 186, 691, 187, 691, 188, 691, 188, 690, 188, 691, 188, 691, 188, 691, 188, 691, 187, 691, 187, 690, 189, 690, 189, 689, 190, 687, 191, 688, 192, 688, 192, 687, 193, 687, 193, 688, 193, 688, 193, 685, 
0, 192, 686, 192, 686, 190, 685, 189, 684, 189, 683, 189, 683, 188, 684, 188, 683, 187, 683, 188, 683, 188, 682, 188, 683, 188, 683, 188, 684, 188, 682, 188, 681, 188, 681, 189, 681, 188, 681, 188, 681, 189, 678, 190, 677, 192, 677, 192, 677, 193, 676, 193, 675, 194, 675, 195, 676, 195, 676, 195, 677, 195, 677, 195, 674, 195, 674, 196, 676, 196, 676, 196, 676, 197, 674, 197, 675, 197, 675, 197, 674, 197, 676, 197, 673, 198, 673, 198, 672, 198, 672, 198, 671, 198, 671, 198, 669, 198, 669, 198, 668, 199, 669, 199, 668, 199, 668, 199, 668, 199, 670, 200, 669, 201, 667, 201, 667, 202, 667, 202, 665, 
1, 204, 666, 203, 665, 203, 665, 203, 665, 204, 664, 204, 664, 204, 664, 203, 663, 205, 664, 205, 663, 205, 663, 205, 663, 204, 663, 204, 662, 204, 660, 204, 660, 204, 661, 204, 661, 204, 662, 204, 660, 204, 659, 204, 659, 204, 660, 204, 661, 205, 660, 205, 661, 206, 662, 208, 661, 209, 662, 211, 662, 214, 662, 215, 663, 221, 664, 229, 663, 516, 291, 774, 205, 1290, 122, 1525, 116, 1792, 206, 1553, 327, 1406, 402, 1159, 668, 1042, 701, 870, 701, 753, 720, 567, 711, 502, 710, 414, 710, 382, 710, 332, 708, 299, 705, 287, 706, 268, 706, 261, 705, 248, 704, 243, 704, 235, 703, 229, 705, 225, 704, 223, 704, 
0, 218, 702, 218, 701, 217, 702, 216, 702, 215, 702, 212, 701, 211, 700, 209, 701, 207, 701, 205, 702, 203, 700, 203, 699, 202, 699, 202, 700, 202, 702, 202, 699, 202, 699, 202, 700, 202, 701, 202, 699, 202, 699, 202, 696, 202, 696, 202, 697, 202, 696, 202, 697, 202, 697, 202, 697, 202, 697, 202, 697, 202, 698, 202, 698, 202, 699, 202, 698, 203, 697, 204, 697, 204, 697, 203, 698, 204, 697, 204, 697, 204, 698, 204, 697, 204, 697, 204, 697, 204, 697, 203, 696, 202, 696, 202, 695, 202, 695, 202, 695, 204, 693, 206, 692, 207, 693, 208, 691, 210, 690, 211, 690, 212, 689, 214, 689, 214, 688, 215, 687, 
1, 215, 687, 216, 685, 217, 684, 217, 684, 217, 686, 217, 685, 217, 684, 218, 683, 218, 682, 218, 682, 218, 681, 218, 681, 218, 680, 218, 681, 218, 681, 218, 681, 218, 680, 218, 679, 218, 679, 219, 679, 219, 678, 220, 677, 222, 677, 228, 680, 363, 510, 614, 218, 784, 355, 745, 672, 718, 677, 709, 656, 627, 669, 569, 675, 458, 686, 416, 683, 357, 683, 321, 681, 308, 684, 289, 682, 282, 678, 271, 679, 265, 681, 256, 680, 250, 679, 248, 680, 244, 678, 243, 678, 241, 678, 240, 678, 239, 673, 238, 672, 237, 672, 237, 675, 237, 673, 237, 672, 237, 671, 237, 671, 237, 671, 237, 670, 236, 670, 235, 672, 
0, 229, 673, 228, 675, 226, 675, 225, 673, 223, 674, 222, 673, 222, 674, 222, 675, 222, 676, 222, 673, 221, 675, 221, 675, 221, 673, 221, 673, 221, 673, 220, 674, 219, 675, 219, 675, 219, 676, 219, 677, 219, 676, 219, 675, 219, 676, 219, 677, 219, 675, 219, 677, 218, 677, 218, 677, 218, 676, 218, 676, 218, 675, 218, 675, 218, 675, 218, 675, 218, 675, 218, 675, 218, 674, 218, 673, 218, 674, 218, 675, 218, 675, 218, 676, 218, 675, 218, 675, 218, 677, 217, 676, 217, 676, 217, 677, 217, 677, 216, 676, 216, 675, 216, 679, 215, 678, 215, 677, 215, 677, 215, 677, 215, 676, 215, 675, 215, 673, 215, 674, 
0, 216, 672, 216, 672, 216, 672, 216, 673, 216, 673, 217, 672, 217, 671, 217, 670, 217, 669, 217, 670, 217, 669, 217, 669, 217, 667, 217, 666, 217, 666, 217, 665, 217, 665, 217, 663, 218, 661, 218, 662, 218, 663, 218, 663, 218, 664, 218, 665, 218, 664, 218, 664, 219, 663, 219, 663, 220, 660, 220, 660, 221, 660, 222, 662, 222, 663, 221, 664, 220, 666, 220, 666, 220, 664, 220, 664, 220, 665, 220, 664, 220, 663, 220, 663, 220, 662, 220, 660, 220, 661, 221, 660, 221, 661, 222, 658, 222, 658, 222, 658, 222, 658, 222, 657, 223, 657, 224, 657, 224, 657, 224, 657, 224, 658, 224, 657, 223, 658, 223, 657, 
1, 223, 657, 222, 656, 222, 655, 223, 658, 222, 657, 222, 655, 222, 654, 222, 654, 222, 654, 222, 653, 222, 653, 223, 652, 223, 655, 223, 653, 223, 651, 223, 653, 223, 654, 222, 653, 222, 650, 222, 654, 222, 654, 222, 653, 224, 653, 226, 653, 232, 651, 240, 652, 731, 181, 987, 177, 1126, 291, 1059, 372, 997, 485, 935, 661, 839, 687, 769, 691, 673, 712, 523, 703, 470, 695, 394, 694, 342, 693, 323, 692, 294, 692, 283, 692, 267, 689, 262, 690, 254, 691, 251, 689, 247, 689, 245, 690, 243, 690, 241, 690, 240, 690, 238, 689, 238, 687, 237, 687, 237, 687, 237, 686, 237, 685, 237, 686, 236, 687, 236, 687, 
0, 234, 688, 233, 686, 232, 685, 230, 686, 230, 687, 228, 686, 228, 686, 226, 686, 226, 685, 226, 684, 225, 684, 224, 684, 223, 684, 223, 684, 223, 684, 223, 683, 223, 683, 223, 683, 223, 683, 223, 685, 223, 685, 223, 687, 223, 686, 223, 686, 223, 686, 222, 686, 222, 687, 222, 685, 222, 684, 223, 684, 223, 683, 223, 684, 224, 684, 224, 684, 224, 684, 223, 684, 223, 682, 223, 683, 223, 683, 223, 684, 224, 680, 224, 680, 225, 682, 224, 682, 224, 683, 224, 682, 224, 679, 223, 682, 223, 682, 223, 682, 223, 683, 222, 683, 222, 681, 222, 681, 223, 680, 225, 678, 226, 677, 228, 677, 228, 676, 230, 676, 
0, 234, 675, 235, 675, 235, 674, 235, 677, 235, 677, 236, 676, 236, 674, 237, 675, 237, 675, 237, 674, 237, 674, 237, 673, 237, 673, 237, 673, 238, 672, 238, 670, 239, 669, 239, 669, 239, 670, 239, 667, 239, 667, 239, 667, 239, 667, 240, 666, 240, 665, 240, 664, 240, 665, 241, 662, 241, 660, 242, 662, 242, 661, 243, 658, 243, 659, 243, 657, 244, 656, 245, 656, 245, 655, 245, 656, 245, 657, 246, 656, 246, 656, 246, 656, 246, 654, 246, 654, 246, 653, 247, 653, 246, 654, 246, 653, 246, 653, 245, 655, 244, 658, 244, 658, 244, 657, 244, 655, 244, 656, 243, 657, 243, 657, 243, 659, 243, 660, 243, 662, 
1, 241, 665, 241, 666, 240, 666, 240, 666, 240, 666, 239, 667, 239, 667, 239, 667, 239, 668, 239, 667, 239, 669, 239, 667, 239, 666, 239, 668, 238, 667, 238, 668, 238, 668, 238, 669, 238, 669, 238, 669, 240, 671, 244, 672, 531, 215, 784, 258, 870, 476, 847, 609, 786, 653, 732, 683, 696, 665, 581, 693, 469, 703, 428, 696, 368, 689, 346, 690, 314, 693, 303, 691, 282, 692, 269, 693, 264, 693, 256, 693, 253, 693, 248, 692, 246, 691, 243, 692, 240, 688, 238, 690, 238, 689, 237, 688, 236, 688, 236, 687, 235, 686, 234, 685, 234, 685, 233, 685, 234, 685, 234, 685, 234, 684, 234, 685, 234, 684, 234, 685, 
0, 226, 688, 225, 687, 223, 687, 223, 686, 223, 687, 223, 686, 222, 687, 222, 686, 222, 686, 221, 687, 222, 686, 222, 686, 222, 687, 222, 686, 221, 685, 221, 684, 221, 683, 222, 684, 224, 684, 226, 683, 228, 682, 229, 683, 227, 682, 226, 681, 225, 682, 225, 682, 225, 682, 225, 681, 226, 680, 228, 683, 230, 683, 231, 682, 232, 683, 233, 682, 235, 683, 235, 682, 235, 682, 236, 681, 236, 679, 237, 679, 237, 678, 237, 677, 237, 678, 237, 677, 237, 675, 237, 675, 237, 673, 237, 674, 237, 673, 237, 671, 237, 671, 237, 671, 237, 672, 237, 672, 237, 671, 237, 671, 237, 670, 238, 669, 239, 668, 239, 669, 
0, 240, 667, 240, 666, 240, 666, 240, 666, 240, 666, 242, 665, 242, 665, 243, 665, 243, 665, 243, 665, 244, 664, 245, 663, 246, 663, 246, 663, 247, 664, 248, 662, 249, 661, 249, 661, 249, 661, 250, 661, 250, 662, 249, 662, 248, 662, 248, 662, 247, 663, 247, 662, 246, 663, 244, 663, 243, 663, 243, 662, 243, 661, 243, 661, 243, 661, 243, 662, 243, 662, 242, 662, 242, 663, 242, 663, 242, 664, 242, 663, 242, 662, 242, 662, 242, 662, 241, 664, 241, 664, 241, 664, 241, 663, 240, 665, 240, 666, 240, 667, 240, 666, 240, 666, 240, 667, 240, 667, 240, 667, 240, 666, 239, 667, 239, 669, 238, 670, 238, 669, 
0, 232, 669, 232, 669, 230, 671, 230, 672, 228, 673, 226, 671, 226, 671, 224, 673, 223, 672, 222, 672, 221, 676, 220, 676, 220, 675, 220, 676, 220, 675, 220, 675, 220, 675, 220, 675, 220, 675, 220, 674, 219, 674, 219, 674, 219, 675, 219, 675, 219, 676, 219, 675, 219, 676, 219, 675, 218, 674, 218, 675, 218, 674, 218, 674, 218, 673, 218, 672, 218, 673, 218, 674, 218, 676, 218, 676, 218, 677, 217, 676, 217, 677, 217, 677, 217, 677, 217, 677, 217, 677, 217, 678, 217, 676, 217, 676, 217, 676, 217, 676, 217, 675, 217, 675, 217, 676, 217, 676, 217, 676, 217, 676, 217, 677, 217, 676, 217, 677, 217, 677, 
1, 217, 677, 217, 677, 217, 676, 217, 676, 217, 675, 217, 675, 217, 675, 217, 675, 217, 674, 217, 674, 217, 675, 217, 674, 217, 674, 217, 675, 217, 672, 218, 672, 219, 671, 219, 671, 219, 670, 219, 671, 221, 672, 223, 668, 227, 670, 229, 670, 236, 668, 491, 235, 1094, 212, 1259, 330, 1178, 501, 1074, 506, 978, 578, 916, 609, 837, 621, 685, 662, 608, 684, 495, 687, 452, 688, 391, 682, 369, 682, 337, 678, 317, 675, 309, 674, 298, 673, 294, 674, 288, 674, 285, 673, 282, 673, 280, 672, 280, 671, 279, 669, 278, 668, 278, 667, 278, 666, 278, 666, 278, 666, 278, 665, 278, 665, 278, 665, 278, 664, 278, 662, 
0, 277, 660, 276, 658, 275, 659, 273, 663, 272, 664, 270, 669, 266, 674, 265, 675, 263, 674, 262, 675, 261, 674, 261, 673, 261, 672, 261, 675, 261, 678, 261, 680, 261, 682, 260, 681, 260, 681, 260, 682, 259, 682, 259, 681, 259, 682, 259, 683, 259, 682, 258, 681, 257, 681, 257, 683, 257, 682, 257, 682, 257, 682, 257, 683, 257, 683, 256, 683, 256, 683, 256, 683, 256, 683, 256, 682, 256, 684, 256, 683, 255, 684, 255, 684, 255, 684, 255, 685, 255, 684, 255, 683, 255, 684, 253, 686, 253, 686, 250, 683, 249, 683, 248, 684, 248, 684, 246, 685, 244, 685, 242, 688, 242, 688, 242, 688, 242, 689, 242, 688, 
0, 241, 687, 241, 688, 241, 688, 241, 689, 241, 690, 241, 691, 241, 691, 241, 694, 241, 694, 240, 694, 240, 695, 240, 694, 240, 694, 240, 693, 240, 694, 240, 693, 240, 692, 240, 692, 240, 691, 240, 690, 240, 689, 240, 689, 240, 689, 240, 688, 240, 689, 240, 688, 240, 689, 240, 689, 241, 690, 241, 690, 241, 691, 241, 691, 241, 689, 242, 689, 242, 689, 243, 688, 244, 686, 247, 686, 248, 687, 249, 687, 252, 686, 253, 686, 254, 685, 255, 686, 255, 685, 256, 682, 256, 681, 256, 680, 257, 681, 257, 680, 257, 680, 257, 679, 257, 679, 257, 679, 257, 680, 258, 678, 258, 678, 258, 678, 259, 677, 260, 677, 
0, 260, 674, 260, 675, 261, 675, 261, 675, 261, 675, 261, 674, 261, 674, 261, 672, 261, 671, 261, 670, 261, 670, 262, 667, 262, 670, 262, 669, 262, 669, 263, 668, 263, 667, 262, 666, 262, 665, 262, 665, 263, 666, 263, 665, 263, 666, 263, 666, 263, 668, 263, 668, 263, 669, 263, 668, 262, 667, 262, 667, 262, 666, 262, 666, 262, 667, 262, 668, 262, 668, 262, 669, 262, 669, 262, 670, 262, 672, 262, 670, 262, 671, 262, 670, 261, 671, 261, 673, 261, 672, 261, 672, 261, 673, 261, 673, 261, 673, 261, 672, 261, 673, 261, 673, 261, 673, 261, 670, 260, 672, 260, 673, 260, 673, 260, 673, 259, 673, 259, 672, 
1, 258, 674, 257, 674, 256, 674, 255, 675, 254, 677, 252, 677, 249, 681, 246, 680, 245, 681, 244, 681, 243, 681, 242, 681, 241, 680, 241, 681, 241, 678, 242, 678, 244, 678, 248, 678, 260, 679, 716, 184, 1045, 249, 1087, 594, 982, 574, 895, 610, 838, 622, 782, 627, 649, 656, 531, 679, 452, 680, 396, 674, 354, 676, 327, 677, 317, 678, 303, 676, 293, 679, 288, 679, 283, 679, 276, 677, 271, 676, 269, 674, 266, 674, 265, 674, 263, 674, 263, 672, 261, 673, 261, 673, 261, 672, 259, 672, 259, 671, 259, 670, 259, 669, 259, 669, 258, 668, 258, 667, 258, 670, 258, 669, 258, 667, 258, 667, 257, 667, 254, 666, 
0, 255, 668, 256, 666, 256, 667, 255, 667, 255, 666, 255, 665, 255, 664, 255, 664, 255, 664, 256, 664, 256, 664, 256, 663, 257, 662, 257, 661, 257, 662, 257, 661, 258, 660, 259, 658, 259, 657, 259, 657, 259, 656, 259, 656, 259, 656, 259, 655, 259, 655, 260, 654, 260, 654, 260, 653, 260, 652, 260, 652, 260, 651, 260, 651, 260, 650, 260, 652, 260, 651, 260, 651, 260, 650, 260, 650, 261, 651, 261, 653, 261, 651, 261, 651, 261, 649, 261, 649, 261, 650, 260, 650, 260, 650, 260, 650, 260, 650, 260, 649, 260, 649, 260, 649, 260, 649, 260, 651, 260, 651, 260, 651, 260, 651, 260, 651, 260, 651, 260, 651, 
1, 260, 654, 260, 653, 260, 655, 259, 654, 259, 653, 259, 655, 259, 655, 259, 656, 258, 655, 258, 655, 258, 655, 258, 656, 257, 656, 256, 658, 256, 657, 255, 659, 253, 660, 252, 660, 250, 660, 249, 661, 247, 660, 246, 661, 245, 660, 245, 661, 244, 661, 244, 660, 244, 661, 244, 660, 245, 662, 247, 663, 248, 667, 251, 697, 282, 623, 633, 222, 923, 155, 1465, 141, 1503, 221, 1524, 302, 1408, 325, 1175, 425, 1065, 467, 913, 561, 694, 571, 609, 565, 485, 565, 440, 563, 375, 560, 352, 559, 319, 555, 307, 557, 290, 557, 280, 556, 276, 556, 270, 554, 268, 555, 264, 553, 262, 553, 261, 553, 260, 550, 260, 551, 
0, 261, 546, 261, 545, 261, 546, 261, 546, 261, 544, 261, 542, 261, 542, 261, 543, 261, 543, 261, 546, 261, 544, 261, 545, 262, 545, 261, 545, 261, 543, 261, 544, 262, 543, 261, 542, 261, 544, 262, 543, 262, 542, 263, 541, 264, 542, 264, 541, 265, 541, 265, 541, 266, 541, 266, 540, 266, 540, 266, 541, 267, 541, 266, 540, 266, 540, 266, 540, 266, 539, 265, 542, 263, 548, 261, 549, 261, 548, 261, 547, 261, 546, 261, 543, 261, 541, 261, 540, 261, 538, 261, 538, 261, 539, 260, 541, 258, 542, 257, 543, 254, 547, 251, 549, 249, 550, 247, 549, 246, 552, 244, 552, 242, 557, 240, 559, 239, 559, 238, 559, 
0, 78, 644, 81, 648, 81, 646, 70, 674, 17, 664, -17, 662, -58, 661, -68, 678, -66, 682, -59, 685, -53, 687, -38, 685, -30, 685, -14, 689, -10, 692, -6, 694, -3, 689, -5, 695, -7, 703, -13, 707, -16, 708, -23, 702, -28, 697, -30, 693, -38, 669, -42, 655, -47, 619, -50, 562, -51, 556, -52, 546, -54, 546, -54, 567, -50, 628, -47, 653, -40, 703, -39, 732, -38, 754, -37, 756, -37, 761, -35, 754, -29, 741, -25, 685, -27, 654, -35, 588, -41, 587, -60, 594, -70, 591, -91, 605, -116, 632, -128, 647, -151, 653, -161, 650, -178, 636, -186, 626, -202, 608, -211, 603, -229, 598, -246, 614, -261, 647, -267, 656, 
0, -263, 598, -252, 595, -224, 593, -206, 592, -168, 598, -131, 602, -104, 601, -86, 599, -80, 597, -72, 590, -68, 583, -69, 582, -66, 578, -64, 575, -54, 587, -47, 591, -40, 605, -36, 615, -30, 623, -27, 633, -26, 626, -27, 626, -30, 662, -32, 668, -38, 681, -37, 663, -33, 653, -27, 648, -21, 651, -11, 650, -7, 643, -4, 631, -2, 624, -1, 617, -1, 611, -2, 621, -8, 622, -19, 608, -25, 593, -25, 594, -22, 584, -20, 578, -26, 572, -57, 575, -113, 574, -139, 575, -175, 585, -179, 585, -159, 603, -141, 606, -101, 603, -74, 614, -60, 585, -30, 572, -18, 573, -2, 571, 0, 561, -3, 560, -6, 556, -15, 558, 
0, -33, 540, -35, 556, -37, 564, -44, 569, -53, 567, -62, 569, -68, 572, -69, 575, -67, 588, -66, 595, -68, 606, -72, 606, -74, 606, -76, 606, -84, 607, -91, 612, -103, 610, -109, 603, -126, 596, -168, 581, -223, 556, -247, 557, -236, 562, -196, 573, -183, 571, -166, 553, -156, 549, -146, 552, -162, 547, -236, 562, -266, 579, -292, 610, -299, 605, -289, 643, -283, 650, -228, 707, -184, 713, -76, 726, -47, 629, -33, 783, -65, 759, -90, 737, -107, 654, -95, 624, -102, 648, -130, 644, -213, 623, -258, 682, -274, 726, -298, 737, -299, 737, -284, 739, -261, 753, -251, 749, -246, 747, -225, 731, -215, 716, -218, 668, -228, 635, -238, 582, 
0, -47, 588, -34, 576, -27, 579, -23, 588, -21, 588, -13, 599, -7, 626, 1, 645, 7, 685, 9, 707, 11, 729, 11, 730, 13, 729, 14, 727, 16, 725, 17, 722, 17, 723, 17, 717, 18, 715, 18, 707, 18, 704, 15, 701, 12, 699, 10, 694, 7, 678, 6, 668, 4, 682, 2, 686, 1, 687, 1, 684, 1, 685, 0, 676, 0, 673, 3, 663, 4, 661, 6, 659, 10, 651, 12, 651, 16, 648, 20, 646, 27, 643, 30, 644, 35, 641, 37, 641, 40, 640, 40, 644, 40, 649, 40, 644, 40, 645, 39, 652, 38, 653, 38, 658, 38, 649, 38, 647, 38, 650, 38, 653, 39, 653, 39, 652, 42, 650, 49, 646, 
0, 60, 673, 60, 671, 60, 671, 56, 661, 53, 659, 48, 646, 41, 643, 33, 637, 23, 620, 13, 610, 1, 603, -4, 602, -15, 596, -27, 587, -32, 581, -38, 573, -41, 561, -42, 553, -45, 537, -47, 535, -48, 536, -50, 537, -50, 543, -43, 562, -39, 577, -30, 602, -24, 642, -22, 672, -21, 691, -22, 685, -21, 678, -21, 661, -20, 668, -15, 659, -8, 658, -4, 649, 1, 574, 3, 560, 3, 645, 2, 689, -3, 679, -22, 710, -38, 715, -66, 709, -78, 711, -92, 713, -93, 698, -88, 684, -86, 692, -92, 681, -106, 671, -117, 667, -140, 660, -159, 661, -181, 661, -192, 659, -212, 657, -231, 656, -248, 659, -268, 657, 
0, -234, 652, -216, 657, -193, 656, -174, 656, -157, 657, -142, 657, -131, 657, -128, 657, -123, 659, -122, 659, -119, 664, -114, 665, -108, 666, -106, 667, -98, 665, -90, 663, -80, 662, -73, 662, -49, 644, -46, 599, -34, 565, -11, 556, 20, 544, 135, 530, 278, 513, 331, 518, 391, 529, 402, 510, 386, 531, 321, 567, 278, 566, 193, 560, 153, 560, 78, 568, 4, 570, -23, 565, -72, 563, -93, 571, -100, 577, -97, 577, -89, 571, -84, 571, -75, 570, -66, 570, -62, 568, -54, 566, -47, 565, -44, 565, -37, 566, -31, 565, -29, 565, -25, 564, -23, 564, -21, 564, -17, 564, -13, 564, -12, 564, -9, 564, -5, 564, -4, 564, 
