0, 101, 435, 101, 435, 101, 435, 101, 435, 101, 435, 101, 435, 101, 435, 101, 435, 101, 435, 101, 435, 101, 435, 101, 435, 101, 435, 101, 435, 101, 435, 101, 434, 101, 434, 101, 435, 101, 434, 101, 434, 101, 434, 101, 434, 101, 434, 101, 434, 101, 434, 101, 434, 101, 434, 101, 434, 101, 434, 101, 434, 101, 434, 101, 434, 101, 434, 101, 434, 101, 435, 101, 437, 101, 436, 101, 437, 101, 440, 101, 439, 101, 438, 101, 437, 101, 437, 101, 436, 101, 435, 101, 435, 101, 434, 101, 434, 101, 434, 101, 434, 101, 435, 101, 435, 101, 436, 101, 439, 101, 443, 101, 440, 101, 438, 102, 437, 103, 438, 105, 438, 
0, 104, 435, 104, 435, 106, 430, 106, 424, 109, 413, 113, 404, 116, 398, 124, 395, 128, 393, 137, 382, 140, 376, 146, 349, 161, 293, 174, 230, 179, 211, 186, 184, 173, 165, 158, 153, 119, 139, 96, 132, 55, 113, 18, 103, 0, 109, -21, 142, -34, 181, -45, 215, -53, 269, -55, 303, -53, 395, -44, 557, -35, 667, -22, 659, -10, 657, -4, 654, 3, 663, 9, 662, 13, 660, 16, 652, 17, 647, 18, 639, 19, 633, 19, 622, 21, 614, 21, 613, 22, 607, 27, 620, 29, 604, 27, 608, 23, 596, 21, 598, 18, 603, 16, 660, 6, 701, 3, 675, -2, 663, -5, 655, -13, 618, -22, 641, -28, 647, -37, 641, 
0, -42, 631, -41, 622, -43, 609, -45, 607, -49, 610, -50, 613, -52, 614, -53, 609, -55, 611, -55, 611, -56, 609, -56, 607, -56, 606, -56, 598, -56, 606, -55, 608, -55, 607, -55, 598, -55, 600, -55, 592, -55, 586, -55, 583, -53, 582, -52, 583, -49, 587, -47, 585, -33, 583, 92, 623, 150, 396, 328, 571, 375, 607, 384, 620, 339, 648, 248, 631, 214, 631, 170, 671, 154, 637, 139, 599, 135, 626, 137, 636, 141, 645, 140, 644, 139, 644, 142, 610, 144, 605, 138, 627, 119, 720, 107, 731, 98, 729, 96, 654, 93, 616, 91, 624, 85, 637, 80, 645, 80, 641, 81, 657, 81, 634, 89, 579, 95, 565, 102, 577, 
0, 69, 544, 64, 564, 56, 623, 49, 631, 47, 628, 44, 620, 43, 630, 46, 633, 59, 637, 63, 641, 70, 585, 74, 569, 68, 566, 44, 561, 32, 577, 14, 607, 2, 634, 1, 633, 1, 630, 5, 627, 14, 620, 26, 637, 51, 675, 62, 673, 81, 666, 82, 658, 86, 651, 84, 649, 78, 659, 62, 662, 53, 622, 35, 601, 31, 631, 23, 644, 18, 644, 11, 636, 11, 638, 16, 619, 32, 610, 41, 597, 63, 565, 74, 574, 88, 591, 94, 591, 89, 528, 82, 493, 59, 445, 36, 414, 28, 407, 16, 359, 11, 316, 0, 271, -12, 238, -16, 215, -21, 195, -22, 189, -20, 213, -13, 233, -5, 244, 15, 281, 
0, 60, 342, 65, 356, 79, 393, 86, 404, 97, 413, 100, 426, 103, 430, 105, 421, 104, 426, 102, 439, 96, 457, 92, 470, 87, 487, 83, 493, 78, 505, 78, 508, 78, 519, 76, 523, 76, 526, 77, 536, 78, 525, 79, 528, 77, 545, 73, 557, 66, 544, 63, 539, 55, 548, 51, 556, 40, 553, 26, 559, 20, 568, 8, 603, -2, 625, -7, 616, -11, 586, -12, 591, -13, 591, -20, 581, -32, 576, -37, 571, -39, 574, -39, 575, -34, 578, -28, 578, -24, 579, -21, 574, -20, 564, -20, 565, -20, 558, -21, 553, -23, 553, -22, 551, -21, 568, -20, 571, -19, 558, -19, 548, -21, 546, -27, 546, -29, 540, -37, 593, 
0, -37, 630, -33, 631, -28, 625, -25, 630, -18, 632, -13, 628, -1, 625, 2, 624, -2, 633, -5, 625, -13, 621, -21, 609, -25, 603, -36, 603, -40, 598, -47, 592, -49, 587, -52, 595, -53, 597, -54, 601, -54, 599, -54, 602, -52, 611, -51, 616, -48, 632, -44, 641, -42, 647, -39, 653, -32, 620, -20, 590, -9, 577, -2, 569, 0, 559, 1, 574, 0, 491, -4, 461, -9, 450, -16, 461, -18, 492, -16, 507, -8, 533, -4, 545, 4, 550, 7, 546, 16, 538, 21, 533, 30, 525, 35, 524, 44, 514, 50, 504, 52, 501, 55, 502, 56, 510, 58, 525, 58, 529, 58, 533, 58, 531, 57, 532, 56, 533, 55, 534, 
0, 44, 538, 43, 540, 40, 548, 37, 556, 34, 558, 28, 557, 21, 554, 13, 562, 11, 571, 8, 570, 6, 563, 5, 558, 4, 552, 2, 549, 0, 544, -1, 545, -3, 534, -5, 512, -9, 489, -11, 485, -16, 478, -24, 462, -29, 452, -30, 457, -27, 484, -25, 499, -20, 505, -15, 503, -2, 487, 7, 438, 17, 403, 21, 394, 26, 385, 26, 384, 24, 355, 19, 306, 16, 289, 12, 237, 11, 217, 6, 196, -7, 186, -20, 186, -48, 188, -64, 191, -65, 199, -42, 240, -28, 272, -1, 330, 23, 383, 43, 416, 56, 451, 61, 452, 68, 463, 72, 484, 74, 506, 76, 565, 76, 591, 70, 618, 65, 613, 60, 610, 
0, 24, 594, 16, 598, 13, 599, 8, 595, 5, 588, 3, 569, 3, 564, 2, 571, 2, 579, 2, 593, 0, 594, 0, 586, 0, 577, 0, 573, 0, 574, -4, 583, -6, 598, -10, 609, -12, 610, -18, 607, -22, 603, -28, 601, -31, 607, -32, 611, -33, 633, -33, 649, -33, 658, -31, 659, -27, 655, -25, 655, -22, 662, -20, 672, -20, 672, -25, 670, -27, 673, -29, 662, -31, 665, -36, 720, -40, 775, -46, 767, -53, 685, -58, 702, -65, 688, -63, 644, -56, 638, -44, 646, -41, 678, -40, 652, -40, 648, -42, 652, -47, 665, -49, 661, -51, 651, -52, 659, -51, 667, -50, 711, -52, 722, -59, 690, -69, 673, -111, 657, 
0, -220, 689, -220, 709, -225, 745, -230, 754, -240, 749, -244, 754, -244, 728, -244, 681, -249, 662, -247, 665, -244, 681, -241, 687, -213, 706, -173, 702, -127, 693, -105, 686, -74, 683, -54, 684, -45, 693, -24, 692, -13, 694, 6, 666, 9, 699, 10, 695, 9, 693, 10, 691, 11, 701, 11, 705, 8, 707, 7, 710, 4, 704, 0, 698, -3, 692, -11, 674, -21, 672, -31, 670, -36, 670, -45, 676, -53, 678, -55, 674, -57, 672, -59, 678, -61, 678, -65, 684, -67, 679, -70, 684, -71, 684, -73, 682, -74, 675, -72, 674, -67, 674, -65, 674, -62, 669, -60, 658, -61, 660, -62, 665, -63, 665, -65, 655, -66, 655, -65, 651, 
0, -33, 678, -29, 676, -24, 675, -22, 668, -20, 672, -18, 672, -16, 670, -20, 671, -28, 670, -54, 658, -95, 672, -130, 690, -138, 708, -124, 709, -87, 712, -50, 715, -23, 709, -4, 714, 1, 717, 8, 729, 12, 727, 30, 716, 41, 719, 54, 692, 57, 688, 52, 667, 53, 661, 48, 709, 41, 703, 31, 697, 15, 705, 9, 704, 2, 701, -1, 704, -6, 709, -8, 708, -11, 707, -12, 709, -17, 712, -22, 717, -25, 720, -28, 717, -28, 715, -27, 713, -26, 711, -23, 708, -21, 709, -21, 710, -22, 706, -22, 706, -21, 702, -20, 702, -17, 698, -15, 694, -9, 691, -5, 686, 0, 683, 3, 677, 3, 675, 3, 672, 
0, 131, 656, 128, 653, 126, 653, 124, 653, 123, 650, 121, 649, 120, 648, 120, 647, 120, 647, 120, 646, 120, 648, 120, 648, 120, 650, 120, 649, 120, 646, 121, 643, 122, 641, 124, 642, 127, 638, 129, 638, 132, 638, 133, 637, 135, 637, 136, 636, 136, 635, 136, 636, 136, 635, 136, 635, 136, 635, 135, 635, 134, 635, 140, 635, 146, 634, 149, 635, 153, 637, 154, 638, 156, 642, 156, 645, 157, 646, 157, 647, 157, 646, 157, 646, 157, 645, 157, 644, 158, 641, 159, 639, 159, 639, 160, 637, 160, 638, 163, 637, 165, 636, 167, 635, 168, 637, 169, 637, 170, 639, 172, 640, 174, 639, 175, 638, 175, 638, 176, 637, 
0, 148, 637, 146, 638, 144, 637, 143, 639, 141, 639, 141, 639, 141, 639, 141, 638, 141, 638, 141, 637, 141, 637, 141, 636, 141, 636, 142, 636, 144, 636, 145, 635, 149, 635, 150, 635, 153, 634, 155, 634, 156, 635, 158, 635, 160, 635, 164, 635, 166, 634, 170, 634, 171, 634, 174, 634, 175, 635, 178, 634, 180, 634, 181, 634, 183, 632, 184, 632, 185, 632, 185, 632, 185, 632, 185, 632, 185, 632, 184, 631, 184, 631, 183, 630, 182, 630, 181, 629, 181, 629, 180, 629, 180, 630, 180, 629, 180, 630, 180, 633, 179, 633, 179, 632, 179, 634, 178, 635, 178, 636, 177, 636, 176, 636, 176, 637, 176, 636, 176, 637, 
1, 176, 638, 176, 638, 176, 638, 176, 639, 176, 639, 176, 639, 176, 639, 176, 640, 175, 639, 173, 640, 172, 640, 170, 640, 169, 640, 167, 639, 165, 639, 163, 641, 163, 642, 162, 642, 159, 644, 153, 644, 150, 643, 143, 642, 135, 642, 129, 646, 125, 646, 123, 645, 121, 644, 121, 645, 120, 644, 120, 643, 119, 643, 118, 642, 119, 641, 125, 642, 619, 86, 1167, 42, 2282, 34, 3135, 38, 3657, 41, 3876, 42, 4232, 46, 4356, 47, 4537, 49, 4598, 50, 4660, 53, 4575, 60, 4315, 63, 3594, 71, 3282, 75, 2810, 88, 2633, 99, 2276, 134, 2102, 163, 1778, 251, 1416, 295, 1245, 302, 969, 305, 775, 305, 704, 306, 600, 305, 
0, 433, 312, 417, 316, 406, 318, 398, 320, 392, 324, 388, 325, 385, 327, 382, 329, 381, 329, 378, 328, 376, 328, 374, 329, 371, 329, 368, 330, 366, 333, 364, 339, 361, 340, 357, 340, 355, 340, 351, 345, 346, 345, 343, 345, 342, 347, 340, 350, 339, 348, 336, 346, 334, 346, 330, 346, 326, 344, 324, 343, 321, 343, 320, 342, 315, 344, 312, 346, 306, 347, 302, 349, 294, 355, 290, 357, 280, 362, 271, 366, 266, 369, 254, 368, 247, 359, 236, 346, 229, 340, 228, 332, 231, 319, 237, 308, 248, 301, 254, 298, 266, 297, 272, 296, 282, 297, 286, 297, 292, 299, 297, 302, 299, 303, 300, 304, 301, 309, 301, 314, 
0, 297, 331, 292, 333, 290, 335, 286, 335, 284, 334, 282, 336, 281, 336, 279, 334, 278, 333, 276, 334, 276, 334, 275, 332, 274, 331, 274, 331, 273, 330, 272, 330, 270, 330, 269, 331, 268, 330, 267, 331, 266, 330, 266, 331, 266, 331, 265, 334, 264, 336, 263, 337, 262, 337, 261, 336, 261, 336, 260, 340, 260, 340, 259, 339, 259, 337, 259, 335, 258, 336, 258, 334, 258, 334, 258, 335, 258, 333, 258, 333, 258, 332, 258, 331, 258, 330, 258, 330, 257, 331, 257, 330, 256, 329, 254, 329, 253, 329, 253, 329, 251, 328, 251, 328, 250, 327, 249, 327, 249, 327, 249, 327, 248, 327, 248, 327, 248, 326, 248, 326, 
1, 247, 326, 247, 325, 246, 325, 246, 325, 246, 325, 246, 325, 246, 325, 246, 324, 245, 324, 245, 324, 245, 324, 245, 323, 245, 323, 244, 323, 245, 323, 245, 323, 244, 323, 243, 322, 241, 322, 241, 321, 240, 320, 238, 321, 238, 321, 238, 321, 238, 320, 238, 320, 238, 320, 240, 320, 525, 84, 1156, 48, 2484, 38, 3386, 38, 3708, 38, 3967, 38, 4344, 38, 4586, 39, 4672, 40, 4794, 44, 4837, 46, 4889, 53, 4898, 58, 4886, 72, 4854, 84, 4619, 124, 4117, 177, 2961, 403, 2038, 399, 1698, 390, 1202, 383, 1024, 385, 765, 381, 597, 379, 537, 377, 450, 376, 419, 377, 375, 375, 359, 375, 336, 371, 320, 370, 315, 370, 
0, 300, 367, 300, 367, 300, 367, 300, 366, 300, 366, 300, 365, 300, 364, 300, 365, 300, 364, 300, 364, 300, 363, 300, 361, 300, 361, 300, 360, 300, 361, 300, 360, 300, 361, 300, 359, 300, 360, 300, 360, 300, 360, 301, 359, 301, 358, 301, 358, 301, 359, 301, 358, 301, 357, 301, 358, 302, 358, 303, 359, 303, 359, 304, 360, 306, 360, 307, 361, 307, 361, 307, 362, 309, 362, 311, 363, 312, 364, 314, 364, 315, 363, 315, 363, 315, 365, 316, 364, 317, 366, 317, 370, 317, 372, 317, 374, 317, 374, 317, 374, 318, 376, 318, 378, 318, 379, 318, 380, 319, 378, 319, 383, 319, 383, 319, 383, 319, 383, 319, 385, 
0, 319, 389, 319, 390, 319, 391, 320, 391, 320, 390, 320, 392, 320, 395, 320, 397, 320, 400, 320, 400, 320, 402, 320, 405, 320, 411, 320, 413, 320, 411, 320, 413, 319, 415, 319, 414, 319, 414, 319, 414, 318, 417, 318, 418, 318, 418, 318, 418, 318, 418, 318, 419, 318, 417, 318, 417, 318, 418, 318, 418, 318, 417, 318, 417, 317, 417, 317, 417, 317, 416, 317, 414, 317, 414, 315, 413, 315, 413, 315, 412, 315, 412, 315, 412, 315, 412, 315, 410, 315, 409, 315, 409, 315, 409, 315, 408, 315, 408, 315, 407, 315, 407, 315, 407, 314, 407, 314, 407, 314, 406, 314, 405, 315, 406, 315, 405, 315, 406, 314, 407, 
0, 312, 403, 312, 403, 312, 402, 311, 403, 310, 402, 309, 402, 309, 401, 308, 401, 308, 401, 308, 401, 307, 401, 306, 400, 306, 400, 306, 399, 305, 399, 305, 398, 304, 398, 305, 398, 305, 398, 306, 398, 306, 398, 306, 398, 306, 398, 306, 398, 306, 398, 306, 397, 306, 397, 306, 397, 306, 397, 306, 397, 306, 397, 306, 397, 307, 397, 307, 397, 307, 397, 306, 396, 307, 396, 307, 396, 306, 396, 306, 395, 306, 396, 306, 396, 307, 396, 307, 396, 307, 395, 307, 394, 307, 394, 307, 394, 307, 394, 307, 394, 307, 394, 306, 393, 306, 393, 306, 393, 306, 394, 306, 394, 306, 393, 306, 393, 306, 393, 305, 393, 
1, 305, 392, 305, 392, 304, 392, 303, 392, 304, 392, 305, 391, 305, 391, 304, 391, 304, 391, 303, 391, 303, 391, 303, 391, 303, 392, 302, 392, 302, 392, 303, 392, 303, 392, 302, 394, 302, 394, 302, 395, 301, 395, 300, 395, 300, 394, 300, 393, 300, 394, 300, 394, 300, 394, 301, 393, 302, 393, 309, 393, 471, 168, 1700, 68, 2820, 63, 3227, 64, 3820, 64, 4033, 63, 4345, 66, 4540, 70, 4654, 76, 4690, 80, 4737, 92, 4753, 111, 4745, 128, 4547, 197, 3988, 289, 2767, 576, 2278, 584, 1558, 590, 1303, 585, 940, 586, 810, 584, 622, 584, 503, 583, 459, 582, 396, 581, 374, 579, 342, 579, 332, 578, 317, 578, 313, 576, 
0, 302, 573, 302, 574, 302, 571, 301, 572, 301, 573, 301, 574, 301, 576, 301, 575, 301, 575, 302, 574, 303, 575, 305, 576, 306, 579, 307, 576, 308, 576, 310, 577, 311, 576, 313, 578, 314, 578, 315, 582, 316, 580, 317, 582, 317, 581, 318, 582, 318, 582, 319, 578, 319, 576, 319, 579, 319, 574, 319, 577, 319, 578, 319, 579, 319, 580, 319, 582, 319, 582, 319, 583, 319, 580, 319, 580, 320, 578, 321, 583, 321, 583, 322, 581, 323, 583, 324, 583, 323, 585, 323, 580, 323, 578, 323, 578, 322, 580, 322, 580, 322, 579, 322, 578, 321, 578, 321, 577, 321, 578, 321, 577, 321, 577, 321, 578, 321, 579, 321, 578, 
1, 322, 574, 322, 575, 322, 574, 322, 574, 322, 575, 321, 575, 321, 576, 320, 577, 320, 575, 320, 575, 320, 575, 320, 574, 320, 574, 320, 575, 320, 575, 320, 578, 320, 578, 320, 577, 319, 580, 319, 579, 318, 581, 317, 582, 317, 581, 317, 582, 317, 582, 317, 582, 317, 582, 317, 582, 317, 582, 317, 581, 317, 586, 317, 586, 317, 586, 316, 587, 315, 585, 315, 585, 315, 584, 314, 585, 314, 585, 313, 584, 313, 584, 313, 586, 313, 584, 313, 584, 312, 584, 312, 583, 312, 584, 311, 583, 311, 583, 311, 583, 312, 581, 311, 581, 310, 581, 310, 582, 310, 582, 308, 582, 307, 582, 306, 583, 306, 586, 309, 584, 
0, 3925, 32, 4128, 32, 4400, 34, 4520, 37, 4503, 41, 4236, 57, 3532, 108, 3151, 162, 2369, 288, 1987, 301, 1386, 283, 995, 274, 859, 274, 665, 272, 540, 272, 459, 270, 406, 270, 372, 269, 359, 269, 341, 269, 329, 269, 324, 270, 321, 269, 320, 269, 319, 268, 318, 269, 318, 269, 318, 268, 318, 268, 318, 268, 318, 268, 318, 268, 318, 268, 318, 267, 318, 267, 318, 267, 319, 267, 319, 267, 319, 266, 319, 266, 320, 266, 321, 266, 321, 267, 321, 266, 321, 266, 321, 266, 321, 266, 321, 266, 321, 265, 320, 266, 321, 265, 321, 266, 322, 266, 323, 266, 324, 265, 324, 265, 324, 265, 324, 265, 324, 265, 325, 264, 
0, 324, 264, 324, 265, 324, 264, 324, 265, 325, 264, 325, 264, 325, 264, 325, 263, 325, 263, 325, 264, 326, 264, 328, 263, 329, 263, 329, 263, 330, 264, 331, 263, 332, 263, 333, 263, 333, 264, 334, 264, 334, 265, 335, 264, 335, 264, 336, 264, 336, 264, 336, 265, 337, 264, 338, 265, 338, 265, 338, 266, 339, 265, 339, 265, 339, 265, 339, 266, 340, 266, 341, 265, 341, 266, 342, 266, 342, 266, 342, 266, 342, 266, 343, 266, 343, 265, 344, 266, 345, 266, 345, 266, 345, 266, 345, 266, 346, 266, 346, 266, 346, 266, 346, 267, 346, 267, 347, 267, 347, 267, 348, 268, 348, 268, 349, 269, 350, 268, 350, 269, 
0, 351, 270, 352, 269, 353, 270, 353, 270, 353, 271, 353, 270, 354, 271, 354, 271, 355, 271, 355, 271, 354, 270, 353, 270, 353, 269, 353, 269, 353, 269, 353, 268, 353, 269, 353, 269, 352, 269, 352, 268, 352, 268, 352, 268, 351, 268, 351, 268, 351, 267, 350, 267, 350, 267, 350, 267, 350, 267, 349, 267, 348, 267, 348, 266, 348, 266, 347, 266, 347, 266, 346, 266, 346, 265, 345, 266, 344, 265, 343, 265, 344, 265, 344, 265, 344, 265, 344, 265, 344, 265, 343, 264, 343, 264, 342, 264, 342, 264, 341, 264, 341, 264, 340, 263, 340, 264, 340, 263, 340, 263, 340, 263, 340, 263, 340, 263, 339, 263, 339, 263, 
1, 339, 263, 338, 263, 338, 263, 338, 263, 338, 263, 338, 263, 338, 264, 338, 264, 338, 264, 338, 264, 338, 264, 338, 264, 338, 263, 338, 263, 338, 263, 338, 263, 338, 263, 338, 263, 338, 262, 338, 263, 338, 263, 338, 263, 338, 263, 338, 263, 338, 263, 338, 263, 338, 262, 338, 263, 338, 263, 338, 263, 338, 263, 338, 263, 338, 263, 338, 262, 338, 262, 338, 262, 338, 262, 340, 262, 344, 262, 924, 53, 2195, 36, 2717, 36, 3514, 39, 4023, 41, 4203, 42, 4458, 47, 4538, 52, 4628, 72, 4417, 94, 3460, 248, 2953, 412, 2048, 419, 1706, 402, 1214, 396, 903, 403, 792, 406, 632, 407, 575, 405, 492, 401, 462, 399, 
0, 358, 395, 353, 397, 351, 397, 350, 397, 350, 395, 351, 395, 352, 395, 352, 398, 353, 398, 354, 398, 355, 399, 355, 399, 355, 400, 355, 400, 356, 401, 356, 403, 357, 402, 358, 404, 358, 405, 358, 407, 359, 408, 359, 411, 361, 410, 362, 410, 363, 411, 364, 410, 364, 409, 364, 408, 364, 407, 363, 407, 363, 408, 364, 409, 365, 410, 365, 410, 366, 409, 366, 409, 367, 411, 367, 412, 367, 412, 367, 411, 367, 412, 367, 413, 368, 413, 368, 413, 368, 413, 368, 413, 369, 414, 369, 413, 370, 412, 370, 413, 370, 413, 370, 413, 370, 413, 371, 413, 371, 412, 371, 414, 370, 414, 371, 414, 371, 413, 371, 413, 
0, 370, 413, 370, 412, 371, 413, 372, 412, 372, 412, 372, 412, 372, 411, 371, 410, 370, 410, 370, 410, 369, 409, 369, 409, 369, 407, 369, 407, 369, 407, 368, 406, 367, 406, 367, 405, 367, 405, 367, 407, 367, 405, 366, 405, 366, 404, 367, 404, 367, 403, 366, 403, 365, 403, 364, 403, 364, 402, 364, 402, 363, 402, 362, 401, 361, 401, 361, 399, 360, 399, 360, 399, 360, 399, 360, 398, 360, 397, 360, 397, 360, 396, 360, 396, 360, 395, 360, 394, 360, 394, 360, 394, 360, 393, 360, 393, 360, 393, 359, 394, 359, 394, 358, 394, 358, 394, 358, 393, 358, 392, 358, 392, 358, 392, 358, 391, 358, 393, 358, 392, 
1, 358, 392, 358, 392, 358, 392, 358, 392, 358, 392, 358, 392, 358, 392, 358, 392, 358, 392, 358, 392, 358, 392, 358, 392, 358, 392, 357, 392, 357, 392, 357, 392, 357, 392, 357, 392, 357, 392, 357, 392, 357, 392, 357, 394, 357, 393, 358, 392, 371, 392, 725, 96, 1748, 46, 2735, 43, 3113, 43, 3678, 42, 4081, 42, 4232, 43, 4456, 46, 4599, 49, 4686, 51, 4727, 54, 4738, 57, 4722, 72, 4555, 110, 4364, 160, 3161, 540, 2607, 549, 1786, 466, 1493, 461, 1076, 465, 808, 467, 711, 466, 572, 462, 522, 460, 449, 457, 402, 459, 385, 457, 361, 456, 353, 457, 343, 455, 338, 456, 336, 456, 335, 456, 335, 457, 335, 456, 
0, 336, 458, 336, 457, 337, 456, 337, 457, 337, 458, 337, 457, 338, 458, 338, 458, 338, 456, 338, 458, 339, 458, 339, 458, 340, 462, 340, 461, 341, 461, 341, 460, 341, 459, 342, 459, 344, 460, 344, 459, 345, 460, 347, 460, 348, 461, 351, 462, 352, 462, 353, 461, 354, 461, 355, 463, 355, 462, 355, 463, 355, 463, 355, 464, 355, 466, 355, 466, 357, 467, 357, 470, 357, 470, 358, 471, 359, 471, 359, 473, 359, 474, 359, 473, 359, 473, 360, 474, 361, 473, 361, 473, 362, 471, 363, 472, 365, 471, 366, 471, 367, 469, 368, 473, 369, 473, 369, 473, 368, 473, 369, 474, 368, 472, 368, 472, 369, 473, 369, 471, 
1, 370, 472, 370, 471, 371, 471, 371, 472, 371, 471, 371, 470, 371, 470, 370, 469, 370, 466, 369, 467, 369, 467, 369, 466, 368, 464, 368, 465, 366, 462, 366, 461, 365, 462, 365, 459, 364, 458, 364, 457, 364, 457, 362, 454, 361, 454, 361, 454, 361, 453, 364, 453, 383, 455, 1541, 33, 2725, 30, 3166, 30, 3521, 31, 4033, 32, 4212, 33, 4469, 35, 4614, 41, 4634, 47, 4582, 78, 4411, 108, 3425, 240, 2432, 383, 1693, 345, 1427, 344, 1047, 353, 802, 356, 645, 353, 589, 349, 507, 348, 454, 348, 420, 347, 408, 347, 390, 348, 378, 351, 374, 351, 369, 351, 366, 352, 365, 353, 364, 352, 363, 355, 362, 355, 362, 356, 
0, 362, 357, 363, 356, 363, 355, 363, 357, 364, 357, 365, 356, 366, 357, 366, 357, 367, 357, 367, 356, 367, 355, 367, 355, 367, 355, 368, 354, 367, 353, 367, 353, 367, 353, 367, 352, 367, 352, 366, 351, 366, 352, 366, 352, 366, 352, 367, 352, 367, 352, 367, 351, 367, 351, 367, 351, 367, 350, 366, 349, 366, 348, 365, 348, 365, 348, 365, 348, 364, 348, 363, 348, 363, 348, 363, 348, 364, 347, 364, 348, 364, 347, 364, 347, 364, 347, 364, 347, 365, 347, 365, 349, 365, 350, 367, 351, 369, 353, 371, 353, 373, 352, 375, 352, 375, 352, 375, 352, 375, 352, 375, 353, 375, 352, 375, 352, 375, 352, 375, 352, 
0, 375, 351, 375, 350, 375, 351, 375, 350, 375, 350, 375, 350, 375, 350, 376, 350, 376, 349, 376, 348, 376, 347, 376, 348, 376, 347, 376, 348, 376, 348, 376, 349, 376, 350, 376, 350, 376, 350, 376, 350, 376, 352, 376, 353, 377, 354, 377, 354, 377, 355, 378, 354, 378, 356, 378, 356, 378, 357, 378, 357, 378, 359, 378, 359, 378, 360, 378, 360, 378, 361, 378, 360, 378, 361, 378, 361, 378, 363, 378, 365, 378, 365, 378, 364, 378, 365, 378, 365, 378, 363, 378, 364, 378, 363, 378, 362, 378, 361, 378, 360, 378, 360, 378, 360, 378, 360, 378, 359, 378, 359, 378, 358, 378, 359, 378, 358, 378, 357, 378, 357, 
1, 376, 354, 376, 354, 376, 354, 376, 353, 376, 353, 376, 353, 376, 353, 376, 353, 375, 353, 375, 353, 374, 353, 374, 353, 374, 353, 373, 352, 373, 353, 373, 352, 373, 352, 373, 351, 373, 351, 373, 352, 373, 352, 373, 351, 379, 351, 654, 101, 1824, 51, 2855, 49, 3241, 49, 3810, 48, 4019, 47, 4322, 49, 4427, 51, 4543, 58, 4600, 67, 4610, 72, 4602, 83, 4574, 90, 4429, 113, 4316, 133, 3786, 253, 3210, 468, 2220, 481, 1561, 466, 1325, 463, 983, 468, 860, 467, 682, 464, 618, 467, 525, 467, 492, 464, 444, 467, 427, 466, 402, 466, 393, 467, 381, 468, 374, 465, 371, 464, 368, 462, 366, 463, 364, 462, 363, 460, 
0, 362, 459, 362, 459, 362, 460, 362, 461, 362, 461, 364, 459, 365, 459, 366, 463, 368, 464, 369, 463, 370, 465, 372, 465, 372, 466, 373, 466, 373, 466, 374, 467, 374, 475, 375, 476, 376, 479, 376, 478, 376, 480, 378, 482, 378, 483, 378, 484, 378, 483, 380, 482, 380, 481, 380, 482, 380, 482, 382, 484, 383, 484, 384, 484, 384, 486, 384, 485, 385, 486, 385, 487, 386, 488, 388, 489, 388, 491, 389, 489, 390, 493, 392, 491, 394, 491, 394, 489, 395, 489, 395, 488, 395, 488, 395, 489, 395, 489, 395, 491, 395, 491, 395, 495, 395, 496, 397, 493, 397, 493, 397, 494, 397, 494, 397, 496, 397, 496, 397, 495, 
1, 396, 494, 396, 494, 396, 494, 396, 493, 395, 492, 393, 491, 393, 491, 393, 491, 393, 491, 392, 489, 392, 489, 392, 489, 391, 489, 390, 488, 389, 490, 389, 489, 388, 490, 388, 489, 388, 488, 387, 487, 387, 486, 389, 486, 392, 486, 932, 48, 2299, 32, 2830, 32, 3597, 34, 3868, 35, 4247, 38, 4445, 45, 4427, 53, 3833, 95, 3460, 161, 2673, 427, 2276, 475, 1602, 456, 1353, 433, 995, 424, 767, 429, 686, 433, 569, 427, 527, 424, 466, 416, 445, 414, 415, 410, 404, 408, 388, 407, 378, 406, 375, 405, 369, 405, 367, 406, 364, 404, 363, 405, 362, 403, 362, 402, 362, 402, 362, 401, 363, 401, 363, 402, 363, 402, 
0, 363, 399, 362, 398, 362, 398, 362, 397, 361, 397, 361, 396, 361, 396, 361, 396, 361, 399, 361, 399, 361, 399, 361, 399, 361, 398, 361, 399, 361, 398, 361, 398, 361, 398, 361, 396, 361, 396, 361, 396, 361, 395, 361, 396, 360, 395, 360, 396, 360, 395, 360, 395, 360, 394, 360, 394, 360, 393, 360, 393, 360, 393, 360, 393, 360, 393, 360, 392, 360, 392, 360, 393, 360, 393, 360, 393, 360, 392, 360, 392, 360, 392, 360, 392, 360, 392, 360, 392, 360, 392, 360, 392, 360, 392, 360, 391, 360, 391, 360, 391, 360, 390, 360, 391, 360, 391, 360, 390, 360, 390, 360, 391, 360, 391, 360, 389, 360, 389, 360, 390, 
0, 360, 389, 360, 388, 361, 390, 361, 390, 361, 390, 361, 391, 362, 391, 362, 391, 363, 391, 364, 392, 365, 392, 365, 392, 366, 393, 367, 393, 367, 394, 368, 395, 369, 394, 370, 395, 370, 395, 371, 397, 373, 397, 374, 397, 373, 397, 373, 398, 374, 398, 375, 397, 375, 398, 375, 398, 376, 398, 376, 399, 376, 399, 376, 400, 376, 400, 376, 400, 377, 401, 377, 402, 377, 402, 377, 402, 377, 401, 378, 401, 378, 400, 378, 401, 378, 402, 378, 401, 378, 401, 378, 401, 378, 402, 378, 402, 378, 402, 378, 401, 378, 401, 379, 400, 379, 401, 379, 401, 379, 401, 379, 400, 379, 400, 379, 399, 379, 398, 378, 398, 
0, 374, 395, 373, 395, 373, 395, 373, 394, 373, 395, 373, 394, 373, 393, 372, 393, 372, 391, 372, 390, 372, 388, 371, 388, 371, 388, 371, 388, 371, 387, 371, 388, 370, 387, 370, 387, 369, 387, 369, 387, 368, 387, 367, 386, 365, 386, 363, 384, 362, 384, 362, 384, 362, 384, 362, 383, 362, 383, 362, 383, 362, 383, 361, 382, 361, 382, 361, 382, 361, 382, 361, 382, 361, 381, 361, 382, 361, 382, 361, 381, 361, 381, 361, 380, 361, 380, 361, 380, 361, 380, 361, 380, 361, 379, 361, 379, 361, 379, 361, 379, 361, 379, 361, 380, 361, 380, 361, 381, 361, 380, 361, 379, 361, 380, 361, 379, 361, 381, 361, 381, 
1, 361, 382, 361, 381, 361, 381, 361, 381, 361, 381, 361, 381, 361, 380, 361, 380, 361, 379, 361, 379, 361, 379, 361, 379, 361, 379, 361, 378, 362, 378, 362, 377, 361, 377, 361, 377, 361, 377, 360, 377, 360, 377, 360, 377, 360, 377, 360, 377, 360, 376, 360, 376, 361, 376, 361, 375, 361, 376, 361, 376, 362, 376, 363, 376, 368, 376, 383, 376, 1311, 59, 1908, 55, 2877, 52, 3246, 51, 3800, 47, 4167, 45, 4300, 47, 4476, 50, 4525, 55, 4406, 79, 4133, 176, 3565, 427, 2447, 561, 1693, 515, 1426, 495, 1044, 495, 798, 501, 711, 500, 586, 493, 542, 488, 478, 484, 455, 482, 423, 482, 411, 479, 396, 479, 391, 484, 
0, 376, 491, 376, 492, 375, 492, 375, 494, 375, 493, 375, 499, 376, 499, 376, 503, 377, 502, 377, 503, 377, 504, 378, 503, 379, 502, 379, 503, 380, 505, 380, 507, 380, 505, 380, 505, 380, 504, 380, 505, 381, 505, 381, 504, 382, 504, 382, 505, 382, 503, 382, 504, 382, 505, 382, 505, 382, 504, 382, 504, 382, 502, 382, 504, 382, 503, 381, 502, 381, 501, 381, 503, 381, 502, 380, 502, 379, 502, 378, 500, 377, 499, 375, 499, 373, 500, 372, 499, 370, 497, 368, 496, 366, 494, 365, 495, 363, 494, 362, 495, 362, 491, 362, 493, 362, 492, 362, 489, 361, 492, 360, 488, 359, 488, 359, 484, 359, 482, 359, 481, 
