0, 717, 149, 717, 148, 717, 149, 717, 149, 717, 148, 717, 148, 717, 148, 716, 149, 716, 149, 716, 148, 715, 148, 715, 148, 714, 148, 714, 149, 714, 148, 713, 148, 714, 148, 714, 148, 714, 148, 714, 148, 713, 148, 712, 148, 713, 148, 713, 148, 713, 148, 713, 148, 713, 148, 713, 148, 713, 148, 712, 148, 712, 148, 712, 148, 712, 148, 712, 148, 712, 148, 711, 148, 711, 148, 711, 148, 711, 148, 711, 148, 711, 148, 711, 148, 711, 148, 713, 148, 713, 148, 713, 148, 713, 148, 713, 148, 713, 148, 713, 148, 713, 148, 713, 148, 713, 148, 714, 148, 714, 148, 715, 148, 715, 149, 715, 149, 716, 150, 718, 150, 
0, 783, 156, 797, 154, 806, 152, 809, 150, 815, 148, 819, 146, 822, 146, 823, 145, 823, 146, 823, 146, 820, 147, 817, 148, 808, 149, 802, 148, 793, 148, 781, 149, 769, 152, 763, 153, 753, 155, 744, 156, 739, 157, 737, 159, 736, 159, 732, 158, 722, 158, 713, 157, 693, 157, 682, 158, 663, 172, 631, 200, 609, 223, 585, 245, 530, 294, 458, 299, 417, 302, 339, 300, 306, 303, 260, 304, 255, 295, 261, 294, 284, 304, 294, 303, 305, 299, 249, 305, 193, 309, 170, 313, 133, 306, 119, 301, 94, 295, 83, 283, 63, 264, 48, 266, 42, 268, 34, 270, 29, 299, 27, 297, 24, 321, 20, 322, -7, 323, -18, 345, 
0, -55, 316, -55, 317, -55, 313, -55, 311, -55, 309, -57, 310, -59, 312, -60, 312, -64, 312, -66, 313, -69, 313, -70, 312, -73, 311, -76, 310, -78, 311, -79, 321, -80, 320, -79, 316, -79, 321, -75, 327, -69, 326, -66, 313, -62, 316, -61, 314, -60, 311, -61, 324, -60, 327, -56, 335, -52, 342, -43, 360, -34, 375, -30, 379, -24, 379, -20, 393, -17, 398, -13, 401, -13, 399, -14, 392, -18, 383, -35, 362, -46, 351, -66, 352, -69, 340, -53, 325, -66, 357, -84, 311, -27, 197, 8, 179, 67, 150, 86, 146, 106, 121, 117, 118, 114, 113, 111, 112, 116, 114, 139, 116, 178, 119, 205, 119, 249, 123, 272, 127, 
0, 284, 131, 284, 132, 284, 131, 283, 130, 281, 129, 280, 129, 275, 129, 270, 129, 267, 129, 260, 129, 255, 129, 246, 129, 236, 128, 232, 129, 223, 128, 217, 128, 214, 128, 210, 128, 208, 128, 205, 128, 204, 127, 204, 127, 202, 127, 203, 127, 206, 127, 210, 127, 213, 126, 222, 127, 225, 127, 227, 127, 229, 126, 230, 127, 229, 126, 225, 126, 223, 127, 217, 126, 210, 126, 205, 126, 203, 126, 199, 126, 195, 126, 193, 125, 189, 126, 186, 125, 180, 125, 178, 125, 173, 125, 169, 125, 167, 126, 162, 125, 159, 125, 154, 125, 148, 124, 144, 125, 141, 125, 132, 125, 123, 124, 118, 125, 109, 125, 105, 124, 
0, 79, 124, 76, 124, 70, 124, 66, 124, 55, 124, 47, 124, 42, 124, 41, 124, 39, 124, 38, 124, 37, 124, 35, 125, 33, 126, 33, 127, 32, 131, 28, 133, 25, 134, 26, 136, 28, 137, 30, 137, 44, 136, 49, 137, 53, 137, 59, 139, 61, 139, 65, 141, 67, 141, 68, 140, 70, 141, 71, 141, 71, 142, 71, 143, 72, 143, 73, 143, 74, 143, 75, 144, 75, 144, 75, 143, 75, 143, 75, 143, 75, 142, 75, 140, 75, 138, 75, 138, 75, 137, 76, 136, 78, 135, 79, 136, 82, 137, 83, 137, 85, 137, 87, 137, 88, 138, 102, 137, 107, 137, 117, 136, 128, 135, 132, 135, 142, 134, 147, 134, 
0, 190, 121, 198, 121, 201, 123, 204, 124, 206, 126, 207, 126, 208, 127, 209, 128, 212, 128, 214, 128, 216, 130, 220, 131, 224, 131, 228, 131, 230, 132, 234, 131, 235, 131, 237, 131, 238, 130, 238, 130, 239, 129, 239, 130, 239, 130, 240, 130, 240, 129, 240, 129, 239, 128, 238, 129, 235, 129, 234, 130, 234, 132, 236, 131, 236, 131, 237, 131, 238, 131, 240, 132, 244, 132, 249, 133, 253, 133, 255, 133, 257, 133, 254, 134, 244, 136, 242, 138, 248, 138, 257, 139, 264, 138, 267, 137, 271, 136, 273, 136, 275, 135, 276, 134, 278, 133, 280, 133, 286, 132, 291, 131, 293, 131, 296, 131, 298, 130, 300, 131, 
0, 306, 130, 305, 130, 303, 130, 302, 130, 300, 130, 299, 130, 294, 132, 292, 133, 288, 133, 286, 133, 285, 132, 283, 132, 282, 132, 280, 132, 280, 133, 279, 133, 277, 134, 278, 134, 276, 134, 275, 134, 275, 135, 275, 135, 277, 135, 277, 135, 279, 136, 280, 136, 284, 137, 285, 137, 288, 137, 292, 137, 294, 137, 301, 138, 305, 140, 311, 143, 313, 144, 316, 148, 317, 151, 317, 158, 314, 152, 311, 152, 307, 151, 305, 151, 302, 149, 302, 149, 301, 149, 299, 150, 296, 149, 294, 149, 289, 149, 287, 149, 281, 150, 277, 149, 271, 149, 268, 149, 263, 150, 261, 151, 255, 155, 252, 158, 246, 161, 243, 163, 
0, 236, 167, 235, 165, 235, 164, 237, 163, 239, 163, 239, 163, 239, 162, 238, 161, 236, 161, 235, 161, 233, 161, 233, 161, 232, 162, 232, 162, 232, 163, 228, 168, 227, 169, 225, 170, 223, 170, 222, 169, 223, 168, 224, 167, 223, 166, 223, 166, 222, 164, 221, 163, 219, 163, 217, 162, 217, 162, 218, 161, 218, 161, 219, 161, 220, 161, 221, 160, 221, 160, 222, 160, 222, 160, 223, 160, 225, 160, 229, 160, 231, 160, 235, 160, 238, 160, 244, 160, 246, 160, 250, 160, 250, 160, 249, 160, 245, 159, 244, 159, 237, 159, 234, 159, 228, 158, 225, 158, 220, 159, 216, 158, 214, 158, 212, 159, 212, 158, 211, 158, 
0, 209, 158, 209, 158, 209, 158, 209, 159, 209, 159, 210, 159, 211, 159, 213, 160, 214, 161, 215, 160, 216, 160, 216, 161, 215, 160, 214, 161, 211, 161, 207, 160, 203, 159, 199, 158, 197, 158, 191, 157, 190, 157, 188, 159, 188, 161, 188, 162, 189, 161, 192, 162, 196, 161, 198, 161, 203, 161, 206, 160, 212, 161, 215, 161, 221, 160, 224, 160, 230, 160, 235, 161, 237, 160, 243, 161, 244, 162, 245, 167, 245, 176, 244, 183, 234, 187, 228, 189, 217, 188, 211, 185, 205, 183, 204, 183, 210, 184, 213, 183, 216, 180, 212, 176, 208, 167, 212, 157, 214, 156, 217, 154, 221, 152, 222, 152, 224, 151, 225, 151, 
0, 229, 151, 229, 150, 229, 155, 229, 156, 227, 163, 222, 167, 212, 165, 206, 164, 194, 160, 187, 157, 184, 154, 187, 153, 191, 152, 196, 151, 202, 151, 205, 151, 210, 151, 214, 150, 216, 150, 218, 150, 220, 150, 222, 149, 228, 150, 236, 150, 246, 151, 250, 153, 259, 155, 265, 157, 270, 156, 273, 155, 275, 155, 276, 154, 277, 155, 277, 156, 277, 156, 275, 157, 276, 166, 275, 176, 265, 187, 256, 193, 252, 192, 247, 195, 250, 194, 251, 191, 251, 189, 249, 188, 246, 188, 242, 187, 235, 187, 231, 186, 223, 185, 218, 184, 210, 183, 200, 183, 193, 182, 190, 182, 186, 180, 185, 181, 183, 183, 182, 186, 
0, 200, 449, 201, 449, 201, 449, 200, 450, 199, 450, 199, 449, 199, 449, 199, 449, 199, 450, 199, 450, 199, 449, 199, 449, 199, 449, 198, 449, 198, 449, 198, 449, 198, 449, 198, 449, 198, 449, 198, 449, 198, 449, 198, 449, 198, 449, 197, 449, 198, 449, 198, 449, 198, 449, 198, 449, 198, 449, 198, 449, 198, 449, 198, 449, 198, 449, 198, 449, 198, 449, 198, 448, 198, 448, 198, 448, 198, 448, 198, 448, 198, 448, 198, 448, 198, 448, 198, 448, 198, 449, 198, 449, 198, 449, 198, 449, 198, 449, 198, 449, 198, 449, 198, 449, 198, 449, 198, 449, 198, 448, 198, 449, 198, 449, 198, 449, 198, 449, 198, 448, 
0, 198, 448, 198, 448, 198, 448, 198, 448, 198, 448, 197, 448, 197, 448, 197, 448, 197, 448, 197, 448, 197, 447, 197, 448, 197, 448, 197, 448, 197, 448, 197, 448, 197, 448, 197, 448, 197, 448, 197, 448, 197, 448, 197, 448, 198, 448, 197, 448, 197, 448, 197, 448, 197, 447, 197, 447, 196, 447, 196, 447, 196, 447, 196, 447, 196, 448, 196, 447, 196, 448, 196, 448, 197, 448, 197, 448, 197, 448, 197, 448, 197, 448, 197, 447, 197, 447, 197, 448, 197, 448, 197, 448, 197, 448, 196, 448, 196, 448, 196, 448, 197, 447, 197, 448, 197, 447, 197, 448, 196, 448, 196, 448, 196, 447, 196, 447, 196, 448, 196, 447, 
0, 198, 447, 198, 446, 198, 446, 198, 446, 198, 446, 198, 446, 198, 447, 198, 447, 198, 446, 198, 447, 198, 447, 198, 447, 198, 447, 198, 447, 198, 447, 198, 447, 197, 447, 197, 447, 197, 447, 197, 447, 197, 446, 197, 447, 197, 446, 197, 446, 197, 447, 197, 446, 197, 447, 197, 447, 197, 447, 196, 447, 196, 447, 197, 447, 196, 447, 196, 446, 196, 447, 196, 447, 196, 447, 196, 447, 196, 447, 196, 447, 196, 447, 196, 447, 196, 447, 196, 446, 196, 447, 196, 447, 196, 447, 196, 446, 196, 447, 197, 447, 197, 447, 197, 447, 197, 447, 197, 447, 197, 447, 197, 447, 197, 447, 196, 446, 196, 446, 196, 446, 
1, 196, 446, 197, 446, 197, 446, 197, 446, 197, 446, 197, 446, 197, 446, 197, 446, 197, 445, 197, 445, 197, 445, 197, 445, 197, 445, 197, 445, 197, 445, 197, 445, 197, 446, 197, 446, 197, 446, 197, 446, 197, 446, 197, 446, 197, 446, 197, 446, 197, 446, 197, 446, 197, 446, 197, 446, 197, 446, 197, 446, 197, 446, 198, 446, 199, 445, 199, 446, 200, 446, 201, 446, 202, 446, 202, 446, 204, 446, 206, 446, 207, 446, 210, 446, 212, 446, 217, 447, 223, 446, 244, 447, 258, 448, 291, 450, 333, 449, 361, 450, 447, 476, 497, 480, 656, 449, 811, 384, 1090, 347, 1274, 356, 1356, 351, 1506, 343, 1705, 334, 2106, 322, 
0, 3215, 283, 3338, 271, 3384, 266, 3448, 262, 3413, 278, 3337, 306, 2707, 458, 1965, 524, 1374, 516, 966, 514, 819, 513, 608, 511, 533, 510, 427, 510, 390, 509, 336, 509, 302, 508, 290, 507, 272, 506, 266, 506, 258, 505, 255, 504, 250, 504, 248, 503, 246, 503, 244, 503, 242, 501, 241, 501, 240, 501, 238, 501, 237, 500, 235, 500, 233, 500, 230, 499, 228, 499, 226, 498, 225, 497, 223, 497, 221, 497, 221, 496, 221, 496, 220, 496, 219, 496, 218, 496, 216, 496, 215, 496, 213, 496, 212, 496, 210, 495, 208, 496, 207, 496, 205, 495, 205, 495, 203, 495, 202, 496, 202, 495, 202, 494, 202, 494, 201, 494, 201, 493, 
0, 201, 492, 201, 491, 201, 491, 201, 491, 201, 492, 201, 492, 200, 492, 200, 492, 200, 492, 200, 492, 200, 492, 200, 492, 200, 491, 200, 491, 200, 491, 199, 491, 199, 490, 199, 490, 199, 490, 199, 490, 199, 490, 199, 489, 199, 489, 199, 489, 199, 488, 199, 488, 199, 488, 199, 488, 199, 488, 199, 488, 199, 488, 199, 488, 199, 488, 199, 488, 199, 488, 199, 488, 199, 488, 199, 487, 199, 488, 199, 488, 199, 488, 199, 487, 199, 487, 199, 487, 199, 487, 199, 487, 200, 486, 200, 486, 200, 486, 200, 486, 200, 486, 200, 486, 200, 486, 200, 486, 200, 486, 200, 486, 200, 486, 200, 486, 200, 486, 200, 486, 
1, 183, 485, 176, 485, 171, 485, 167, 485, 167, 485, 167, 486, 167, 485, 170, 485, 172, 485, 174, 485, 175, 485, 176, 485, 176, 485, 177, 485, 178, 486, 178, 486, 179, 485, 179, 486, 180, 485, 180, 485, 182, 485, 183, 485, 184, 484, 185, 484, 186, 485, 186, 485, 188, 484, 188, 484, 189, 484, 189, 484, 192, 484, 193, 484, 195, 484, 196, 484, 197, 484, 198, 484, 198, 484, 199, 485, 199, 484, 199, 485, 200, 484, 200, 484, 201, 484, 201, 484, 202, 484, 202, 484, 203, 485, 204, 485, 205, 485, 205, 485, 206, 485, 207, 484, 209, 485, 211, 485, 213, 485, 214, 485, 216, 484, 218, 484, 219, 484, 221, 485, 
0, 236, 483, 241, 483, 248, 483, 257, 484, 261, 484, 272, 484, 285, 490, 285, 493, 283, 496, 282, 495, 283, 495, 288, 494, 296, 495, 307, 495, 315, 496, 332, 497, 349, 497, 366, 496, 384, 497, 395, 498, 420, 499, 433, 496, 461, 496, 474, 496, 497, 494, 502, 493, 492, 499, 444, 498, 419, 498, 375, 495, 354, 495, 319, 494, 305, 493, 286, 493, 279, 493, 271, 493, 266, 493, 264, 493, 262, 493, 262, 493, 261, 492, 260, 493, 260, 493, 259, 493, 259, 493, 257, 492, 255, 492, 251, 491, 247, 491, 244, 491, 236, 491, 230, 490, 227, 490, 221, 490, 219, 490, 215, 490, 213, 490, 211, 489, 210, 489, 208, 489, 
0, 205, 489, 204, 489, 203, 489, 203, 489, 203, 489, 202, 489, 203, 489, 203, 489, 203, 489, 203, 489, 204, 488, 204, 489, 205, 488, 205, 488, 205, 488, 206, 488, 206, 488, 207, 488, 207, 488, 208, 488, 209, 488, 210, 488, 211, 488, 211, 488, 211, 488, 211, 488, 213, 488, 213, 488, 213, 488, 213, 487, 213, 488, 213, 488, 214, 488, 214, 488, 214, 488, 215, 487, 215, 487, 215, 487, 216, 487, 216, 487, 216, 487, 216, 487, 216, 487, 216, 487, 217, 487, 217, 487, 217, 487, 218, 487, 218, 487, 218, 487, 218, 487, 218, 487, 219, 487, 219, 486, 219, 486, 219, 487, 219, 486, 219, 487, 219, 487, 219, 486, 
0, 219, 486, 219, 486, 219, 486, 219, 486, 219, 486, 219, 486, 219, 486, 219, 487, 219, 487, 219, 487, 219, 487, 219, 487, 219, 486, 219, 487, 219, 487, 219, 487, 219, 487, 219, 487, 219, 486, 219, 487, 219, 486, 219, 487, 219, 487, 219, 487, 219, 487, 219, 487, 219, 487, 219, 487, 219, 487, 219, 487, 219, 487, 219, 487, 219, 487, 218, 487, 218, 487, 218, 486, 218, 487, 218, 487, 218, 486, 218, 486, 218, 487, 218, 486, 218, 486, 219, 487, 219, 486, 219, 487, 219, 487, 219, 486, 219, 486, 219, 486, 219, 486, 219, 486, 219, 486, 219, 486, 219, 486, 218, 486, 218, 486, 218, 486, 218, 486, 218, 486, 
1, 218, 486, 218, 486, 218, 486, 218, 486, 218, 486, 218, 486, 218, 486, 218, 486, 218, 486, 218, 485, 218, 485, 218, 485, 218, 485, 218, 486, 218, 485, 219, 485, 219, 485, 219, 485, 219, 485, 219, 485, 219, 485, 219, 485, 219, 485, 219, 485, 219, 486, 219, 485, 219, 485, 219, 485, 219, 485, 219, 485, 219, 485, 220, 485, 220, 485, 220, 485, 221, 485, 226, 485, 229, 485, 231, 485, 235, 485, 238, 485, 243, 484, 246, 484, 252, 484, 262, 484, 274, 484, 281, 484, 298, 485, 310, 486, 341, 491, 380, 486, 399, 487, 432, 484, 446, 483, 468, 486, 489, 485, 502, 485, 517, 484, 549, 483, 571, 484, 582, 486, 
0, 544, 489, 523, 499, 471, 510, 420, 511, 376, 507, 341, 506, 313, 506, 293, 505, 279, 504, 273, 504, 264, 503, 258, 503, 255, 503, 251, 503, 247, 503, 245, 502, 245, 503, 243, 502, 243, 502, 242, 502, 240, 502, 239, 502, 238, 502, 235, 502, 232, 501, 228, 501, 226, 501, 225, 500, 223, 500, 222, 500, 220, 500, 220, 500, 218, 499, 218, 498, 218, 499, 217, 499, 217, 498, 216, 498, 215, 499, 214, 499, 214, 499, 214, 499, 212, 499, 213, 499, 213, 499, 212, 499, 212, 499, 212, 498, 212, 499, 212, 499, 212, 499, 212, 498, 212, 499, 212, 499, 213, 499, 212, 498, 212, 498, 212, 498, 212, 498, 212, 498, 
0, 214, 498, 214, 499, 214, 499, 214, 499, 214, 499, 215, 499, 215, 499, 215, 499, 215, 498, 215, 498, 215, 498, 215, 498, 215, 498, 215, 498, 215, 498, 216, 497, 216, 498, 216, 497, 216, 497, 216, 497, 216, 498, 216, 497, 216, 497, 216, 498, 216, 497, 216, 497, 216, 497, 216, 497, 216, 497, 216, 497, 216, 497, 217, 497, 217, 497, 217, 497, 217, 497, 217, 497, 217, 496, 217, 497, 217, 496, 217, 496, 217, 496, 217, 496, 217, 496, 217, 496, 217, 497, 217, 497, 217, 496, 217, 497, 217, 497, 217, 497, 217, 497, 217, 497, 217, 496, 217, 497, 217, 496, 217, 496, 218, 497, 218, 497, 218, 497, 218, 497, 
1, 218, 497, 218, 497, 218, 497, 218, 497, 218, 497, 218, 496, 218, 496, 218, 496, 218, 497, 218, 497, 218, 496, 218, 496, 218, 496, 218, 496, 218, 496, 218, 496, 218, 496, 218, 496, 218, 495, 218, 495, 218, 496, 218, 496, 218, 496, 219, 496, 219, 495, 219, 495, 219, 495, 219, 496, 220, 495, 221, 495, 223, 496, 225, 496, 230, 496, 234, 495, 236, 495, 238, 495, 244, 495, 250, 494, 257, 494, 265, 494, 269, 495, 279, 495, 284, 495, 296, 496, 304, 497, 323, 497, 346, 487, 359, 485, 387, 488, 419, 486, 459, 487, 529, 499, 576, 478, 646, 485, 646, 482, 632, 480, 625, 485, 619, 486, 611, 485, 607, 486, 
0, 544, 481, 530, 480, 524, 481, 519, 482, 511, 484, 500, 486, 494, 487, 481, 488, 474, 489, 462, 490, 453, 490, 445, 494, 439, 494, 432, 495, 415, 502, 392, 506, 378, 514, 348, 512, 335, 511, 311, 508, 301, 508, 282, 507, 274, 508, 261, 507, 253, 507, 250, 506, 247, 506, 246, 506, 244, 506, 243, 506, 241, 506, 241, 506, 240, 506, 240, 505, 239, 506, 237, 504, 236, 504, 234, 504, 233, 504, 230, 504, 229, 504, 227, 503, 225, 503, 223, 503, 223, 503, 223, 502, 223, 502, 223, 502, 223, 502, 222, 502, 221, 502, 221, 502, 221, 502, 221, 501, 221, 501, 220, 501, 220, 501, 219, 501, 219, 502, 219, 502, 
0, 219, 502, 219, 502, 219, 502, 219, 502, 219, 502, 219, 502, 219, 502, 219, 502, 219, 502, 219, 502, 219, 502, 219, 502, 219, 502, 219, 503, 219, 502, 219, 502, 219, 502, 219, 501, 219, 502, 219, 501, 219, 501, 218, 501, 218, 500, 218, 501, 218, 502, 218, 500, 218, 500, 218, 502, 218, 501, 218, 501, 218, 500, 218, 500, 218, 500, 218, 500, 218, 500, 218, 499, 218, 500, 218, 499, 218, 499, 218, 500, 218, 499, 218, 499, 218, 499, 218, 500, 218, 500, 218, 500, 218, 500, 218, 499, 219, 500, 219, 499, 219, 500, 219, 500, 219, 500, 219, 499, 219, 499, 219, 499, 219, 499, 219, 499, 219, 499, 219, 500, 
0, 219, 500, 219, 500, 219, 500, 219, 500, 219, 501, 219, 499, 219, 499, 219, 500, 219, 500, 219, 500, 219, 501, 219, 502, 219, 501, 219, 500, 219, 501, 219, 500, 219, 499, 219, 499, 219, 499, 219, 500, 219, 501, 219, 501, 219, 500, 219, 500, 219, 500, 219, 499, 219, 499, 219, 499, 219, 499, 219, 499, 220, 498, 220, 498, 220, 498, 220, 499, 220, 499, 220, 499, 220, 499, 220, 498, 220, 499, 220, 498, 220, 498, 220, 498, 220, 498, 220, 498, 220, 498, 220, 498, 220, 498, 220, 499, 220, 498, 220, 498, 220, 498, 220, 498, 220, 498, 220, 498, 220, 498, 220, 498, 220, 498, 220, 498, 220, 498, 220, 498, 
1, 220, 498, 220, 498, 220, 498, 220, 498, 220, 498, 220, 498, 220, 497, 220, 498, 220, 498, 220, 498, 220, 497, 220, 497, 220, 497, 220, 497, 220, 497, 220, 497, 220, 497, 220, 497, 220, 497, 220, 497, 220, 497, 220, 497, 220, 497, 220, 497, 221, 497, 226, 497, 228, 497, 232, 497, 234, 497, 237, 497, 240, 497, 245, 497, 250, 496, 252, 496, 256, 497, 260, 497, 268, 497, 273, 497, 286, 497, 304, 497, 328, 496, 344, 489, 363, 487, 410, 489, 436, 487, 485, 481, 505, 481, 532, 483, 548, 484, 555, 485, 574, 483, 586, 483, 606, 483, 612, 482, 622, 482, 636, 481, 649, 481, 656, 481, 657, 481, 656, 481, 
0, 631, 480, 618, 480, 612, 480, 603, 480, 600, 480, 594, 479, 585, 479, 581, 479, 574, 479, 572, 479, 572, 479, 573, 479, 576, 479, 588, 479, 593, 479, 602, 479, 608, 479, 606, 480, 571, 482, 510, 496, 445, 503, 415, 507, 364, 506, 343, 503, 312, 502, 287, 502, 278, 502, 264, 502, 256, 501, 253, 501, 249, 501, 247, 500, 244, 501, 243, 501, 242, 501, 241, 500, 241, 500, 241, 500, 240, 500, 239, 500, 239, 499, 238, 499, 236, 499, 236, 499, 235, 499, 234, 499, 233, 498, 233, 498, 232, 498, 231, 498, 231, 498, 231, 498, 230, 498, 229, 498, 229, 498, 228, 497, 228, 497, 227, 497, 225, 497, 224, 497, 
0, 222, 496, 222, 496, 222, 496, 222, 496, 222, 496, 222, 496, 222, 496, 222, 496, 222, 495, 222, 495, 222, 495, 222, 495, 222, 495, 222, 495, 222, 495, 222, 495, 222, 495, 222, 495, 222, 495, 222, 495, 222, 495, 222, 495, 222, 495, 222, 495, 222, 494, 222, 494, 222, 495, 222, 494, 222, 494, 222, 494, 222, 494, 222, 494, 222, 494, 222, 494, 221, 494, 221, 494, 221, 494, 221, 494, 221, 494, 221, 494, 221, 494, 221, 494, 221, 494, 221, 494, 221, 494, 221, 493, 221, 494, 221, 494, 221, 494, 221, 494, 221, 494, 221, 494, 221, 494, 221, 494, 221, 494, 221, 494, 221, 494, 221, 494, 221, 494, 221, 494, 
1, 221, 493, 221, 494, 221, 494, 220, 493, 220, 493, 220, 493, 220, 493, 220, 493, 220, 493, 220, 493, 220, 493, 220, 493, 220, 493, 220, 493, 220, 493, 220, 493, 220, 493, 220, 493, 220, 493, 220, 494, 220, 494, 220, 494, 220, 493, 221, 493, 223, 493, 224, 493, 227, 493, 229, 492, 233, 492, 237, 493, 241, 492, 250, 492, 263, 492, 280, 496, 301, 501, 312, 505, 334, 508, 356, 506, 373, 505, 380, 504, 392, 504, 404, 504, 409, 504, 420, 503, 431, 503, 445, 503, 466, 503, 480, 504, 514, 504, 530, 504, 550, 504, 557, 504, 573, 503, 594, 503, 603, 503, 605, 502, 596, 501, 562, 501, 539, 502, 492, 504, 
0, 281, 499, 276, 498, 272, 498, 264, 498, 256, 497, 254, 498, 249, 498, 248, 498, 246, 498, 245, 498, 243, 498, 243, 498, 243, 498, 242, 498, 242, 497, 241, 497, 241, 497, 241, 497, 241, 497, 241, 497, 241, 497, 241, 497, 241, 497, 241, 497, 240, 497, 239, 497, 238, 497, 237, 496, 237, 498, 236, 498, 236, 498, 235, 498, 234, 498, 233, 498, 231, 497, 230, 497, 229, 497, 228, 497, 228, 497, 227, 497, 226, 497, 225, 497, 224, 497, 224, 497, 224, 496, 224, 496, 223, 497, 223, 497, 223, 496, 223, 496, 223, 496, 223, 496, 223, 496, 222, 496, 222, 497, 222, 497, 222, 497, 222, 496, 222, 496, 222, 496, 
0, 222, 496, 222, 497, 221, 497, 221, 497, 221, 497, 221, 496, 221, 496, 221, 496, 221, 496, 221, 496, 221, 496, 221, 496, 221, 496, 221, 496, 221, 495, 221, 495, 221, 495, 221, 496, 221, 496, 221, 496, 221, 496, 221, 495, 221, 495, 221, 495, 221, 495, 221, 495, 221, 496, 221, 495, 221, 495, 221, 495, 221, 496, 221, 495, 221, 495, 221, 496, 221, 496, 221, 496, 221, 495, 221, 495, 221, 494, 221, 494, 221, 495, 221, 495, 221, 495, 221, 495, 221, 494, 221, 494, 221, 494, 221, 494, 221, 494, 221, 494, 221, 494, 221, 494, 221, 494, 221, 494, 221, 494, 221, 493, 221, 493, 221, 493, 221, 493, 221, 494, 
0, 221, 493, 221, 494, 221, 494, 221, 494, 221, 494, 221, 493, 221, 493, 221, 493, 221, 493, 221, 493, 221, 493, 221, 493, 221, 493, 221, 492, 221, 491, 221, 491, 221, 491, 221, 491, 221, 492, 221, 491, 221, 491, 221, 491, 222, 491, 222, 491, 222, 491, 222, 492, 222, 491, 222, 492, 222, 492, 222, 492, 222, 492, 222, 492, 222, 492, 222, 492, 222, 492, 222, 492, 222, 492, 222, 492, 221, 492, 221, 492, 221, 492, 221, 490, 221, 491, 221, 490, 221, 490, 221, 490, 222, 490, 222, 490, 222, 490, 222, 490, 222, 490, 222, 490, 222, 490, 221, 491, 221, 491, 221, 491, 221, 491, 221, 491, 221, 490, 221, 491, 
1, 225, 490, 225, 490, 225, 490, 225, 490, 225, 490, 224, 490, 225, 490, 225, 490, 225, 490, 225, 490, 226, 490, 226, 489, 226, 490, 226, 490, 226, 490, 226, 490, 226, 490, 226, 490, 226, 489, 228, 490, 228, 490, 229, 490, 230, 490, 232, 489, 235, 490, 237, 491, 238, 491, 241, 491, 243, 492, 248, 492, 251, 491, 259, 491, 271, 491, 278, 491, 295, 493, 302, 496, 316, 503, 324, 504, 342, 505, 349, 505, 361, 505, 370, 505, 397, 506, 435, 505, 452, 510, 477, 509, 485, 508, 495, 508, 500, 508, 512, 507, 519, 507, 533, 506, 539, 506, 547, 506, 556, 506, 566, 506, 572, 505, 583, 506, 593, 506, 598, 505, 
0, 626, 503, 622, 503, 610, 502, 592, 502, 564, 502, 522, 502, 469, 504, 444, 502, 403, 501, 383, 500, 346, 500, 315, 501, 303, 500, 282, 500, 274, 499, 262, 499, 258, 500, 251, 500, 249, 500, 246, 499, 244, 499, 243, 499, 242, 499, 242, 499, 241, 498, 241, 498, 240, 499, 239, 498, 238, 499, 238, 498, 238, 498, 237, 498, 237, 498, 237, 498, 236, 498, 234, 498, 233, 498, 232, 498, 231, 498, 230, 498, 229, 497, 227, 497, 226, 497, 225, 497, 225, 498, 224, 497, 223, 497, 223, 497, 223, 497, 223, 497, 223, 497, 223, 497, 222, 497, 222, 496, 221, 496, 221, 496, 221, 496, 221, 496, 221, 496, 221, 496, 
1, 221, 496, 221, 496, 221, 496, 221, 496, 221, 496, 221, 496, 221, 496, 221, 496, 221, 495, 221, 496, 221, 496, 221, 495, 221, 495, 221, 495, 221, 495, 221, 495, 221, 495, 221, 495, 221, 495, 221, 495, 221, 495, 220, 495, 220, 495, 220, 495, 220, 494, 220, 494, 220, 494, 220, 494, 220, 494, 220, 494, 221, 494, 221, 494, 222, 494, 224, 494, 225, 494, 230, 495, 232, 495, 239, 494, 243, 494, 254, 494, 261, 494, 278, 494, 287, 495, 305, 495, 324, 495, 335, 495, 361, 496, 394, 495, 412, 493, 448, 493, 463, 493, 484, 493, 492, 494, 504, 494, 519, 493, 544, 494, 601, 501, 625, 505, 662, 508, 694, 504, 
0, 746, 498, 703, 501, 661, 501, 641, 500, 600, 500, 558, 501, 518, 501, 479, 501, 440, 500, 404, 498, 387, 498, 354, 498, 339, 499, 316, 498, 305, 498, 289, 498, 283, 498, 272, 498, 267, 498, 258, 498, 255, 497, 251, 497, 250, 497, 248, 497, 246, 496, 245, 497, 245, 496, 244, 496, 244, 496, 244, 497, 243, 496, 243, 496, 242, 496, 242, 496, 242, 496, 242, 496, 242, 496, 242, 496, 241, 495, 241, 496, 241, 496, 241, 496, 240, 496, 240, 496, 240, 495, 239, 495, 239, 495, 239, 495, 238, 495, 238, 495, 237, 495, 237, 495, 237, 495, 237, 495, 236, 495, 235, 495, 235, 495, 234, 494, 234, 495, 233, 494, 
0, 229, 494, 229, 494, 228, 494, 228, 494, 228, 494, 229, 493, 228, 494, 228, 494, 227, 494, 227, 494, 226, 494, 226, 494, 226, 494, 225, 494, 225, 494, 225, 494, 225, 494, 225, 494, 226, 494, 226, 494, 226, 493, 226, 493, 224, 494, 224, 494, 224, 494, 224, 493, 224, 493, 224, 493, 224, 493, 223, 493, 223, 493, 223, 493, 223, 493, 223, 493, 223, 493, 223, 493, 223, 493, 223, 493, 223, 493, 223, 493, 223, 493, 223, 492, 223, 493, 224, 492, 224, 493, 224, 493, 224, 493, 224, 493, 223, 492, 223, 492, 223, 493, 223, 493, 223, 493, 223, 492, 223, 492, 223, 492, 223, 492, 223, 492, 224, 492, 224, 492, 
0, 224, 492, 224, 492, 224, 491, 224, 491, 223, 491, 224, 492, 224, 491, 224, 491, 224, 491, 224, 492, 224, 491, 224, 491, 224, 491, 224, 491, 224, 491, 225, 491, 225, 491, 224, 491, 224, 491, 224, 491, 224, 491, 224, 491, 225, 491, 225, 491, 225, 491, 226, 491, 226, 491, 226, 491, 225, 491, 225, 491, 225, 491, 225, 491, 225, 491, 225, 491, 226, 491, 226, 491, 226, 491, 226, 490, 227, 490, 227, 490, 227, 491, 227, 491, 227, 491, 228, 491, 228, 491, 229, 491, 229, 491, 229, 491, 229, 491, 229, 491, 229, 491, 229, 491, 228, 491, 229, 491, 229, 491, 229, 491, 229, 491, 229, 491, 230, 491, 230, 491, 
1, 230, 491, 230, 491, 231, 491, 231, 491, 231, 491, 231, 491, 231, 491, 231, 491, 231, 491, 231, 491, 231, 491, 232, 491, 232, 491, 232, 491, 232, 491, 232, 491, 232, 491, 232, 492, 232, 491, 232, 492, 231, 492, 231, 492, 232, 491, 232, 491, 232, 491, 232, 491, 233, 491, 235, 491, 236, 491, 238, 491, 238, 491, 239, 491, 240, 491, 243, 491, 247, 491, 250, 490, 256, 490, 261, 490, 271, 490, 278, 490, 296, 490, 304, 492, 311, 496, 326, 501, 337, 499, 360, 501, 371, 500, 389, 500, 395, 500, 404, 499, 415, 500, 421, 499, 439, 499, 463, 501, 489, 501, 514, 500, 533, 500, 543, 500, 546, 501, 551, 503, 
0, 578, 503, 581, 503, 587, 502, 597, 502, 602, 501, 611, 501, 621, 504, 630, 505, 639, 507, 643, 506, 649, 509, 656, 508, 660, 509, 666, 508, 666, 506, 656, 503, 641, 502, 582, 502, 544, 502, 474, 500, 439, 501, 379, 500, 337, 498, 321, 497, 293, 497, 274, 496, 267, 496, 258, 496, 254, 496, 249, 496, 245, 496, 244, 496, 242, 496, 241, 495, 239, 495, 238, 495, 238, 495, 238, 494, 238, 495, 237, 495, 237, 495, 237, 495, 235, 494, 234, 495, 232, 495, 230, 495, 229, 494, 229, 494, 229, 494, 228, 494, 228, 494, 227, 493, 226, 494, 226, 494, 225, 495, 225, 495, 225, 495, 225, 495, 225, 495, 225, 494, 
0, 223, 494, 223, 494, 223, 494, 223, 495, 223, 493, 223, 494, 223, 493, 223, 493, 223, 493, 223, 493, 223, 493, 223, 493, 222, 493, 222, 493, 222, 493, 222, 493, 222, 493, 222, 492, 222, 492, 222, 492, 222, 493, 222, 493, 222, 492, 222, 492, 222, 491, 222, 491, 222, 491, 222, 491, 222, 491, 222, 491, 222, 491, 222, 491, 222, 491, 222, 492, 222, 491, 222, 491, 224, 491, 223, 490, 223, 491, 223, 491, 223, 491, 224, 491, 223, 491, 223, 492, 223, 491, 223, 492, 223, 492, 223, 492, 223, 492, 223, 492, 223, 492, 223, 491, 223, 491, 223, 491, 223, 491, 223, 491, 223, 491, 222, 491, 222, 491, 222, 491, 
1, 223, 491, 223, 491, 223, 491, 223, 491, 223, 491, 223, 490, 223, 490, 223, 490, 223, 491, 223, 490, 223, 490, 223, 490, 223, 490, 223, 490, 223, 490, 224, 490, 225, 490, 226, 490, 228, 489, 230, 489, 234, 489, 235, 489, 237, 489, 239, 489, 247, 489, 257, 488, 264, 489, 281, 489, 293, 488, 329, 490, 354, 493, 420, 493, 501, 493, 540, 493, 602, 492, 629, 493, 676, 509, 775, 526, 870, 523, 900, 517, 920, 496, 892, 500, 816, 498, 722, 500, 670, 501, 570, 497, 524, 497, 446, 496, 413, 495, 361, 495, 341, 495, 311, 496, 300, 496, 282, 495, 270, 495, 261, 495, 258, 495, 253, 495, 249, 495, 246, 495, 
0, 243, 494, 242, 494, 241, 494, 241, 494, 241, 494, 240, 494, 240, 493, 239, 494, 239, 493, 239, 493, 239, 493, 239, 493, 239, 493, 239, 492, 237, 492, 236, 492, 236, 492, 235, 492, 233, 492, 232, 492, 232, 492, 232, 492, 230, 492, 230, 492, 229, 492, 228, 492, 228, 491, 228, 491, 228, 491, 227, 491, 226, 491, 226, 491, 226, 491, 225, 491, 225, 491, 225, 490, 225, 489, 224, 490, 224, 489, 224, 489, 224, 488, 224, 488, 224, 488, 224, 488, 224, 488, 224, 488, 224, 488, 224, 488, 224, 488, 224, 489, 224, 489, 224, 489, 224, 488, 224, 489, 224, 489, 224, 489, 224, 489, 224, 488, 223, 488, 223, 488, 
0, 222, 489, 223, 489, 222, 488, 222, 488, 222, 488, 222, 488, 222, 488, 222, 488, 222, 488, 222, 488, 222, 488, 222, 488, 222, 488, 223, 487, 223, 487, 223, 487, 223, 487, 223, 487, 223, 487, 223, 487, 223, 487, 223, 488, 223, 487, 223, 487, 223, 487, 224, 487, 224, 487, 224, 488, 223, 487, 223, 487, 223, 488, 222, 488, 222, 488, 222, 487, 222, 488, 222, 488, 222, 488, 222, 488, 223, 488, 223, 488, 223, 488, 223, 488, 223, 488, 223, 488, 222, 488, 223, 488, 223, 488, 223, 488, 223, 488, 224, 488, 224, 488, 224, 488, 224, 488, 224, 488, 224, 488, 224, 488, 224, 488, 223, 488, 223, 488, 223, 488, 
1, 223, 488, 223, 487, 223, 488, 223, 487, 223, 487, 222, 487, 222, 487, 222, 487, 222, 487, 222, 487, 222, 487, 222, 487, 222, 487, 222, 487, 222, 487, 222, 487, 222, 487, 222, 487, 222, 486, 222, 486, 222, 486, 223, 486, 223, 486, 223, 487, 223, 486, 223, 486, 222, 486, 222, 486, 222, 486, 222, 486, 222, 486, 222, 486, 222, 486, 222, 486, 222, 486, 222, 486, 222, 486, 222, 486, 222, 486, 222, 486, 222, 486, 222, 486, 222, 486, 222, 486, 222, 486, 222, 486, 222, 486, 222, 486, 222, 486, 222, 486, 221, 486, 221, 486, 221, 486, 221, 486, 221, 486, 221, 486, 221, 486, 221, 486, 221, 486, 222, 486, 
0, 222, 486, 222, 486, 222, 486, 222, 486, 222, 486, 222, 486, 222, 486, 222, 486, 222, 486, 222, 486, 222, 486, 222, 486, 222, 486, 222, 486, 222, 485, 221, 485, 221, 486, 221, 486, 221, 485, 221, 486, 221, 485, 223, 485, 223, 485, 224, 486, 225, 486, 225, 485, 226, 485, 226, 485, 227, 485, 227, 485, 227, 486, 227, 486, 227, 486, 227, 486, 226, 486, 224, 485, 224, 486, 223, 486, 223, 486, 223, 486, 223, 486, 223, 486, 223, 486, 223, 486, 223, 485, 222, 486, 222, 486, 222, 485, 222, 486, 222, 486, 222, 486, 222, 486, 223, 486, 224, 486, 226, 486, 228, 486, 229, 486, 232, 486, 234, 486, 235, 486, 
0, 249, 486, 250, 486, 252, 486, 252, 486, 252, 486, 253, 486, 253, 486, 254, 485, 255, 485, 256, 486, 257, 486, 257, 486, 257, 486, 257, 485, 257, 485, 257, 485, 256, 485, 254, 484, 252, 485, 251, 486, 249, 485, 249, 484, 247, 485, 246, 484, 245, 483, 243, 484, 241, 484, 240, 484, 240, 484, 240, 484, 240, 484, 239, 484, 239, 484, 239, 484, 239, 485, 239, 485, 239, 485, 239, 485, 239, 485, 239, 484, 239, 485, 239, 484, 239, 484, 239, 484, 238, 484, 238, 484, 236, 483, 235, 483, 234, 483, 233, 483, 232, 483, 231, 484, 230, 484, 228, 483, 226, 483, 225, 483, 225, 483, 224, 483, 224, 484, 224, 484, 
1, 226, 484, 225, 484, 225, 484, 225, 484, 225, 484, 225, 484, 225, 484, 225, 484, 225, 484, 226, 484, 226, 483, 226, 483, 226, 484, 226, 484, 225, 484, 225, 484, 224, 484, 224, 484, 224, 484, 224, 484, 224, 484, 223, 484, 223, 484, 223, 483, 222, 483, 222, 483, 221, 483, 221, 483, 221, 483, 221, 483, 221, 484, 221, 484, 221, 484, 221, 484, 221, 484, 221, 484, 221, 484, 221, 484, 221, 484, 221, 484, 221, 484, 221, 484, 221, 484, 222, 484, 223, 484, 224, 484, 223, 484, 224, 484, 224, 484, 224, 485, 224, 485, 224, 485, 225, 485, 226, 485, 227, 485, 227, 484, 229, 484, 229, 485, 230, 484, 230, 485, 
0, 229, 484, 228, 484, 227, 484, 227, 484, 226, 484, 225, 485, 225, 485, 224, 484, 224, 484, 224, 484, 225, 484, 226, 484, 226, 485, 228, 485, 229, 485, 229, 485, 230, 484, 231, 484, 232, 484, 232, 484, 233, 484, 234, 484, 235, 484, 235, 485, 236, 485, 237, 485, 237, 485, 237, 485, 237, 484, 237, 484, 237, 484, 237, 484, 237, 484, 236, 484, 237, 484, 237, 484, 237, 484, 237, 484, 235, 484, 234, 484, 233, 484, 232, 484, 232, 484, 231, 484, 229, 484, 229, 484, 228, 484, 227, 484, 227, 484, 225, 484, 225, 484, 225, 484, 224, 483, 224, 484, 224, 483, 224, 483, 223, 483, 223, 483, 224, 483, 225, 483, 
0, 248, 482, 247, 482, 245, 483, 243, 483, 242, 483, 240, 482, 239, 482, 238, 482, 237, 482, 233, 481, 231, 481, 227, 481, 226, 481, 223, 481, 221, 483, 218, 485, 216, 485, 214, 484, 209, 486, 207, 487, 204, 488, 202, 487, 196, 487, 185, 483, 179, 483, 165, 486, 141, 489, 118, 496, 86, 496, 83, 496, 73, 500, 70, 501, 73, 501, 76, 503, 94, 504, 106, 504, 106, 509, 124, 513, 139, 511, 172, 509, 203, 478, 230, 436, 237, 414, 252, 406, 257, 377, 257, 261, 262, 221, 262, 218, 259, 167, 255, 156, 239, 142, 230, 145, 208, 183, 178, 283, 170, 296, 161, 378, 161, 403, 151, 365, 129, 346, 119, 344, 
0, 89, 333, 85, 336, 75, 335, 73, 339, 76, 356, 78, 367, 82, 386, 88, 433, 94, 471, 109, 521, 131, 534, 154, 543, 159, 541, 160, 540, 156, 539, 149, 536, 121, 527, 90, 528, 80, 525, 69, 523, 65, 524, 57, 521, 54, 521, 47, 516, 49, 517, 52, 514, 52, 513, 52, 512, 53, 512, 57, 513, 65, 517, 71, 516, 84, 520, 97, 519, 103, 525, 109, 527, 121, 534, 128, 538, 139, 546, 149, 544, 152, 545, 160, 543, 163, 542, 167, 539, 169, 537, 173, 541, 176, 540, 177, 539, 178, 538, 178, 536, 179, 535, 179, 533, 179, 525, 179, 520, 177, 511, 172, 510, 169, 511, 165, 513, 164, 514, 161, 512, 
0, 148, 515, 144, 525, 143, 528, 141, 533, 141, 535, 145, 531, 148, 528, 151, 532, 153, 534, 155, 533, 157, 533, 160, 531, 162, 521, 164, 521, 168, 514, 169, 497, 172, 431, 174, 395, 187, 359, 220, 329, 241, 336, 276, 339, 293, 338, 298, 334, 306, 340, 311, 357, 309, 369, 301, 410, 294, 436, 282, 460, 273, 459, 268, 460, 259, 463, 250, 463, 245, 459, 234, 445, 225, 437, 204, 428, 193, 429, 173, 422, 157, 419, 150, 417, 144, 415, 136, 412, 130, 408, 128, 406, 125, 405, 124, 405, 122, 404, 121, 404, 119, 403, 118, 402, 115, 402, 111, 402, 109, 402, 106, 401, 105, 401, 103, 400, 102, 400, 101, 399, 
