0, -123, 301, -123, 301, -123, 301, -123, 301, -123, 300, -121, 300, -119, 300, -118, 300, -117, 300, -114, 301, -111, 301, -110, 301, -109, 301, -109, 301, -111, 301, -113, 301, -115, 301, -116, 301, -118, 301, -119, 301, -121, 301, -121, 301, -121, 301, -121, 304, -121, 308, -121, 315, -120, 324, -117, 338, -115, 340, -112, 336, -110, 338, -108, 361, -106, 381, -103, 451, -102, 468, -103, 468, -110, 454, -113, 441, -116, 407, -117, 374, -122, 333, -126, 330, -135, 318, -144, 305, -147, 303, -149, 287, -152, 272, -160, 269, -166, 275, -179, 289, -192, 321, -200, 316, -206, 316, -214, 293, -226, 284, -233, 280, -243, 266, -247, 262, -253, 258, -257, 254, 
0, -269, 258, -267, 257, -266, 255, -265, 257, -264, 262, -263, 264, -262, 268, -261, 280, -260, 284, -260, 288, -258, 303, -257, 317, -255, 337, -253, 333, -253, 332, -252, 332, -252, 332, -252, 331, -251, 329, -253, 331, -254, 334, -256, 352, -257, 354, -259, 352, -261, 347, -261, 343, -261, 334, -261, 330, -260, 326, -261, 321, -261, 317, -260, 310, -260, 310, -259, 314, -258, 314, -254, 310, -252, 306, -247, 301, -243, 306, -234, 315, -228, 320, -218, 327, -209, 328, -205, 326, -198, 318, -195, 312, -189, 302, -181, 310, -176, 316, -171, 316, -169, 315, -168, 315, -170, 319, -174, 318, -177, 315, -185, 319, -191, 325, -194, 324, -198, 325, -200, 323, 
0, -220, 334, -224, 339, -226, 339, -226, 340, -224, 333, -223, 333, -223, 328, -223, 324, -224, 330, -225, 334, -225, 335, -225, 330, -225, 326, -224, 318, -224, 312, -224, 305, -224, 308, -224, 313, -224, 324, -225, 339, -226, 355, -229, 394, -230, 422, -229, 432, -222, 424, -210, 399, -204, 384, -195, 380, -186, 375, -174, 370, -172, 371, -167, 372, -162, 372, -156, 372, -151, 371, -141, 370, -135, 370, -120, 374, -112, 382, -95, 414, -82, 394, -77, 422, -79, 435, -83, 422, -87, 408, -76, 410, -4, 367, 28, 361, 45, 337, 45, 311, 47, 310, 49, 293, 48, 284, 43, 273, 40, 267, 35, 259, 33, 256, 30, 255, 28, 260, 27, 265, 
0, 30, 378, 29, 379, 28, 379, 28, 384, 28, 390, 28, 393, 29, 392, 30, 392, 31, 391, 32, 390, 35, 388, 39, 390, 43, 390, 45, 390, 47, 389, 48, 390, 50, 390, 51, 390, 52, 391, 52, 391, 53, 391, 53, 392, 55, 393, 57, 393, 59, 394, 60, 395, 61, 394, 62, 395, 63, 395, 65, 397, 67, 396, 68, 396, 70, 396, 71, 397, 71, 396, 72, 396, 73, 395, 73, 395, 73, 394, 73, 394, 73, 393, 73, 393, 73, 393, 73, 393, 74, 393, 74, 393, 74, 393, 75, 392, 76, 392, 77, 392, 79, 393, 80, 393, 82, 392, 82, 392, 83, 392, 83, 392, 84, 393, 82, 392, 82, 392, 80, 390, 
0, 81, 389, 83, 388, 85, 388, 86, 388, 88, 387, 90, 387, 91, 387, 93, 387, 93, 387, 93, 387, 93, 387, 93, 387, 93, 386, 93, 386, 93, 386, 93, 387, 93, 386, 93, 386, 93, 386, 93, 386, 93, 386, 94, 386, 94, 386, 95, 385, 96, 385, 98, 385, 99, 385, 103, 385, 104, 385, 106, 385, 107, 385, 108, 385, 109, 386, 108, 385, 106, 385, 105, 385, 103, 385, 102, 385, 100, 385, 98, 385, 97, 385, 95, 384, 94, 384, 94, 384, 93, 384, 93, 384, 92, 384, 91, 384, 90, 384, 90, 384, 89, 384, 88, 384, 88, 384, 88, 384, 88, 384, 88, 384, 87, 384, 86, 384, 85, 383, 85, 383, 
0, 82, 384, 81, 384, 81, 383, 80, 383, 80, 383, 80, 383, 80, 383, 79, 383, 78, 383, 78, 384, 78, 383, 77, 383, 77, 383, 77, 383, 77, 383, 76, 383, 76, 383, 76, 382, 77, 383, 77, 382, 77, 382, 76, 382, 76, 382, 76, 382, 76, 382, 77, 382, 77, 382, 76, 382, 76, 381, 76, 381, 75, 382, 75, 382, 75, 381, 74, 381, 74, 381, 74, 381, 74, 381, 74, 381, 74, 381, 74, 381, 74, 381, 74, 381, 74, 381, 74, 381, 74, 381, 74, 381, 74, 381, 74, 381, 74, 381, 74, 381, 74, 380, 74, 380, 74, 381, 75, 380, 75, 380, 75, 380, 75, 380, 75, 380, 75, 380, 74, 380, 
1, 74, 380, 74, 380, 74, 380, 74, 380, 74, 380, 74, 380, 74, 380, 74, 380, 74, 380, 74, 380, 74, 379, 74, 380, 74, 380, 74, 380, 74, 379, 74, 379, 75, 380, 78, 379, 80, 379, 89, 380, 141, 365, 183, 468, 253, 442, 284, 439, 335, 439, 404, 399, 425, 385, 446, 363, 447, 357, 397, 405, 330, 410, 265, 405, 238, 404, 192, 402, 174, 401, 145, 399, 134, 399, 118, 398, 111, 398, 103, 398, 99, 397, 92, 397, 88, 397, 86, 396, 83, 396, 82, 396, 80, 396, 79, 395, 79, 396, 78, 395, 78, 395, 78, 395, 78, 395, 78, 394, 78, 394, 78, 394, 78, 394, 78, 394, 78, 394, 78, 394, 
0, 78, 393, 77, 393, 78, 393, 78, 393, 78, 393, 78, 393, 78, 392, 78, 393, 78, 392, 78, 392, 78, 393, 77, 392, 77, 392, 77, 392, 77, 391, 77, 391, 77, 392, 77, 391, 77, 391, 77, 391, 77, 391, 77, 391, 77, 391, 77, 391, 77, 391, 77, 391, 77, 391, 77, 390, 77, 390, 77, 390, 78, 390, 78, 390, 78, 390, 78, 390, 78, 390, 78, 390, 78, 390, 78, 389, 78, 389, 79, 389, 78, 389, 77, 389, 77, 389, 77, 389, 77, 389, 77, 389, 77, 389, 77, 389, 77, 388, 76, 388, 76, 388, 76, 388, 76, 388, 76, 388, 76, 388, 76, 388, 76, 388, 76, 388, 76, 388, 76, 388, 
1, 77, 388, 77, 387, 77, 387, 77, 387, 77, 387, 77, 387, 77, 387, 77, 387, 77, 387, 77, 387, 77, 387, 77, 387, 77, 387, 77, 387, 77, 387, 77, 387, 77, 387, 78, 387, 78, 387, 79, 387, 79, 387, 79, 386, 80, 386, 82, 386, 84, 386, 88, 386, 91, 386, 120, 386, 937, 90, 2814, 103, 3494, 100, 4466, 111, 4798, 126, 5170, 161, 5120, 194, 3808, 603, 2570, 613, 2099, 612, 1402, 604, 1148, 602, 778, 601, 538, 598, 451, 598, 381, 598, 278, 595, 241, 593, 188, 592, 154, 591, 142, 590, 124, 589, 118, 589, 109, 589, 105, 588, 100, 587, 97, 587, 96, 587, 94, 587, 93, 584, 92, 584, 92, 584, 
0, 92, 583, 92, 583, 92, 582, 92, 581, 92, 582, 92, 582, 92, 581, 92, 582, 92, 582, 92, 581, 92, 582, 92, 581, 92, 580, 92, 579, 92, 579, 92, 579, 92, 579, 92, 578, 92, 578, 92, 577, 92, 578, 92, 577, 92, 577, 92, 577, 92, 577, 92, 577, 92, 576, 92, 576, 92, 576, 92, 576, 92, 576, 92, 576, 92, 576, 92, 575, 92, 576, 92, 575, 92, 575, 92, 575, 92, 574, 92, 574, 92, 574, 92, 573, 92, 573, 92, 573, 93, 573, 93, 572, 93, 573, 93, 572, 93, 572, 92, 571, 92, 572, 92, 572, 92, 572, 92, 571, 92, 571, 92, 572, 92, 571, 92, 570, 92, 571, 92, 571, 
0, 93, 571, 93, 571, 93, 571, 93, 571, 93, 571, 93, 570, 93, 571, 93, 571, 93, 571, 93, 571, 93, 571, 93, 571, 93, 570, 93, 570, 93, 570, 93, 571, 93, 571, 93, 571, 93, 571, 93, 571, 93, 570, 93, 570, 93, 570, 93, 569, 93, 568, 93, 569, 93, 568, 93, 569, 93, 568, 93, 568, 93, 568, 93, 568, 93, 568, 93, 568, 93, 569, 93, 568, 93, 568, 93, 568, 93, 569, 93, 568, 93, 568, 93, 568, 93, 569, 94, 569, 94, 569, 94, 569, 94, 569, 94, 569, 94, 569, 94, 569, 94, 569, 94, 569, 94, 569, 94, 569, 94, 569, 94, 568, 94, 568, 94, 568, 93, 568, 93, 568, 
0, 93, 568, 93, 567, 93, 567, 93, 567, 93, 567, 94, 567, 94, 567, 94, 566, 94, 567, 94, 567, 94, 567, 94, 566, 94, 567, 94, 566, 94, 566, 94, 566, 94, 567, 94, 567, 94, 567, 94, 566, 94, 566, 94, 566, 94, 566, 94, 566, 94, 566, 94, 566, 94, 566, 94, 566, 94, 565, 94, 565, 94, 565, 94, 565, 94, 565, 94, 565, 94, 565, 94, 564, 94, 564, 94, 564, 94, 565, 94, 565, 94, 565, 94, 565, 94, 564, 94, 564, 94, 564, 94, 564, 94, 564, 94, 564, 94, 564, 94, 564, 94, 564, 94, 564, 94, 563, 94, 563, 94, 563, 94, 563, 94, 564, 94, 564, 94, 563, 94, 563, 
1, 94, 563, 95, 563, 96, 563, 96, 563, 96, 563, 96, 563, 96, 563, 96, 563, 96, 563, 96, 563, 97, 563, 96, 563, 96, 563, 96, 563, 96, 563, 96, 563, 95, 563, 96, 563, 98, 563, 99, 563, 102, 564, 109, 563, 119, 564, 826, 68, 2673, 72, 3344, 75, 4333, 94, 4949, 119, 4603, 183, 4036, 284, 2894, 661, 1957, 658, 1324, 651, 907, 652, 634, 646, 535, 645, 391, 643, 339, 643, 265, 640, 217, 639, 186, 637, 175, 636, 159, 635, 149, 635, 145, 635, 140, 634, 138, 633, 135, 634, 133, 634, 132, 632, 130, 633, 130, 631, 130, 630, 130, 630, 130, 630, 129, 629, 129, 628, 129, 629, 129, 628, 129, 628, 
0, 129, 623, 129, 624, 129, 624, 129, 623, 129, 622, 129, 621, 129, 621, 129, 621, 129, 621, 129, 622, 129, 622, 129, 620, 129, 619, 129, 619, 129, 618, 129, 618, 129, 618, 129, 617, 128, 616, 128, 617, 128, 617, 128, 617, 128, 616, 128, 617, 129, 616, 129, 617, 129, 616, 129, 615, 129, 615, 129, 614, 129, 614, 129, 614, 129, 614, 129, 614, 129, 614, 129, 615, 129, 614, 129, 613, 130, 613, 130, 613, 130, 615, 129, 613, 129, 617, 127, 617, 125, 615, 124, 615, 122, 615, 120, 615, 119, 616, 117, 614, 117, 616, 117, 610, 117, 612, 119, 610, 120, 611, 123, 609, 124, 608, 126, 607, 130, 607, 132, 606, 
0, 156, 606, 163, 606, 167, 605, 176, 605, 182, 605, 185, 607, 184, 605, 181, 605, 180, 605, 178, 605, 175, 604, 172, 604, 169, 604, 165, 603, 162, 604, 160, 603, 157, 603, 155, 603, 153, 603, 151, 602, 150, 603, 146, 602, 142, 603, 140, 602, 137, 602, 135, 602, 135, 602, 134, 602, 133, 601, 133, 601, 133, 601, 133, 601, 133, 601, 133, 601, 133, 600, 133, 600, 133, 600, 133, 600, 133, 600, 133, 600, 133, 600, 133, 599, 133, 599, 133, 599, 133, 599, 132, 599, 132, 599, 132, 599, 132, 599, 132, 600, 132, 599, 132, 599, 132, 599, 132, 599, 132, 599, 132, 598, 132, 598, 132, 598, 132, 598, 132, 598, 
1, 131, 598, 131, 598, 131, 599, 131, 598, 131, 599, 130, 598, 129, 598, 129, 597, 129, 597, 129, 596, 129, 596, 129, 596, 129, 596, 129, 596, 129, 595, 128, 595, 129, 595, 130, 595, 131, 595, 139, 595, 153, 595, 1378, 64, 2247, 70, 3533, 78, 3981, 91, 3997, 152, 2877, 462, 2380, 504, 1632, 546, 1357, 548, 947, 553, 796, 548, 574, 546, 494, 544, 378, 544, 336, 544, 274, 541, 234, 542, 220, 542, 198, 540, 190, 539, 178, 538, 174, 539, 167, 537, 165, 538, 162, 538, 160, 536, 159, 536, 157, 536, 157, 535, 157, 536, 157, 537, 156, 534, 156, 534, 156, 533, 156, 534, 156, 533, 156, 533, 156, 532, 155, 531, 
0, 155, 531, 155, 531, 155, 532, 155, 530, 155, 531, 155, 530, 155, 530, 155, 530, 155, 530, 155, 530, 155, 530, 155, 530, 157, 530, 157, 530, 158, 530, 158, 531, 157, 531, 157, 530, 157, 530, 157, 529, 157, 530, 157, 530, 157, 529, 158, 529, 158, 528, 158, 527, 158, 527, 158, 527, 158, 528, 158, 527, 158, 527, 158, 525, 158, 525, 158, 525, 158, 525, 158, 525, 158, 525, 158, 525, 158, 525, 158, 524, 158, 524, 158, 524, 158, 524, 158, 523, 159, 523, 159, 523, 159, 523, 159, 523, 160, 522, 160, 522, 160, 522, 160, 522, 160, 522, 161, 522, 161, 522, 161, 522, 161, 522, 161, 522, 161, 522, 160, 522, 
0, 159, 521, 159, 521, 159, 521, 159, 521, 159, 521, 160, 521, 160, 520, 160, 520, 160, 520, 160, 520, 161, 520, 162, 519, 162, 519, 162, 519, 162, 519, 163, 520, 164, 520, 164, 520, 164, 519, 164, 519, 165, 519, 165, 519, 165, 519, 164, 519, 164, 519, 164, 518, 164, 518, 165, 518, 165, 518, 166, 519, 166, 518, 167, 519, 168, 518, 169, 517, 169, 518, 170, 518, 170, 518, 171, 518, 171, 519, 173, 518, 173, 518, 175, 518, 176, 518, 178, 517, 180, 517, 182, 516, 182, 516, 183, 515, 183, 515, 182, 516, 181, 516, 179, 516, 178, 515, 178, 516, 177, 515, 177, 515, 176, 514, 176, 514, 176, 514, 176, 514, 
0, 176, 514, 176, 514, 176, 514, 176, 514, 175, 514, 174, 513, 174, 514, 174, 513, 174, 513, 174, 513, 174, 513, 174, 513, 174, 513, 174, 513, 173, 512, 173, 513, 173, 513, 173, 513, 173, 513, 173, 513, 173, 513, 173, 514, 173, 514, 173, 513, 173, 513, 173, 513, 173, 513, 173, 513, 173, 513, 173, 513, 173, 513, 173, 513, 173, 513, 173, 512, 173, 513, 173, 512, 173, 512, 173, 512, 173, 512, 173, 512, 173, 513, 173, 512, 174, 513, 174, 512, 174, 513, 173, 513, 173, 513, 173, 512, 173, 513, 173, 513, 173, 513, 173, 512, 173, 512, 173, 513, 173, 512, 173, 512, 173, 512, 173, 512, 173, 512, 173, 512, 
1, 173, 512, 173, 512, 173, 512, 173, 512, 173, 512, 173, 511, 173, 511, 173, 511, 174, 511, 174, 511, 174, 511, 174, 511, 174, 511, 174, 511, 174, 511, 174, 511, 174, 511, 174, 511, 174, 511, 177, 510, 182, 511, 188, 511, 235, 511, 2304, 70, 3082, 66, 3712, 65, 4628, 72, 4959, 77, 5434, 81, 5742, 84, 5852, 87, 5996, 101, 6042, 117, 6092, 195, 6069, 342, 4127, 537, 3372, 530, 2255, 527, 1518, 522, 1253, 520, 865, 521, 727, 521, 527, 521, 456, 519, 353, 518, 316, 517, 263, 518, 244, 516, 217, 514, 199, 514, 193, 514, 184, 514, 181, 514, 177, 512, 175, 512, 173, 513, 172, 512, 171, 512, 170, 511, 169, 511, 
0, 168, 512, 168, 512, 168, 512, 168, 512, 168, 511, 169, 511, 169, 512, 169, 511, 169, 512, 169, 510, 169, 510, 168, 509, 168, 509, 168, 509, 168, 509, 168, 509, 168, 509, 168, 508, 168, 508, 168, 508, 168, 509, 168, 508, 168, 508, 168, 507, 168, 508, 168, 508, 168, 507, 169, 508, 169, 508, 168, 508, 168, 508, 168, 508, 168, 508, 168, 508, 168, 508, 168, 508, 168, 507, 169, 507, 169, 506, 169, 507, 169, 509, 169, 509, 169, 509, 169, 509, 169, 508, 169, 509, 169, 509, 169, 509, 168, 509, 168, 510, 168, 510, 168, 509, 168, 509, 168, 509, 168, 509, 168, 508, 168, 508, 169, 508, 169, 507, 169, 507, 
0, 169, 506, 169, 506, 169, 506, 170, 506, 170, 506, 170, 506, 170, 505, 170, 506, 170, 506, 170, 506, 170, 506, 170, 505, 171, 505, 171, 505, 171, 505, 171, 504, 171, 504, 171, 504, 171, 504, 171, 505, 171, 506, 171, 505, 171, 506, 171, 506, 171, 506, 171, 506, 171, 505, 171, 505, 171, 505, 171, 505, 171, 505, 171, 504, 171, 504, 171, 504, 171, 504, 171, 504, 171, 504, 171, 504, 171, 504, 171, 505, 172, 505, 172, 505, 172, 504, 172, 504, 173, 504, 172, 505, 172, 505, 173, 505, 173, 505, 173, 504, 173, 504, 173, 504, 173, 504, 173, 504, 173, 504, 173, 504, 173, 505, 173, 505, 174, 505, 174, 505, 
0, 175, 504, 175, 504, 175, 504, 175, 504, 175, 504, 176, 503, 176, 504, 176, 504, 176, 504, 176, 503, 176, 503, 176, 503, 176, 504, 176, 504, 176, 504, 176, 504, 176, 504, 176, 504, 176, 504, 176, 504, 176, 503, 176, 503, 176, 503, 176, 503, 176, 503, 176, 503, 176, 503, 177, 503, 177, 503, 177, 503, 177, 503, 177, 503, 177, 503, 177, 503, 177, 503, 178, 503, 178, 503, 178, 503, 178, 502, 177, 502, 177, 502, 177, 502, 177, 502, 177, 502, 177, 503, 177, 503, 177, 504, 177, 504, 177, 504, 177, 504, 177, 505, 177, 505, 177, 505, 177, 504, 178, 504, 177, 504, 177, 504, 177, 504, 177, 503, 178, 503, 
1, 178, 503, 178, 503, 178, 503, 178, 503, 178, 503, 179, 503, 180, 503, 179, 503, 179, 503, 179, 505, 179, 504, 179, 504, 179, 504, 179, 504, 179, 503, 180, 504, 181, 504, 182, 504, 186, 504, 193, 503, 205, 503, 1214, 64, 2140, 59, 3593, 51, 4560, 53, 5182, 54, 5406, 53, 5730, 53, 5847, 53, 6015, 53, 6125, 55, 6163, 57, 6220, 70, 6247, 117, 6200, 276, 4179, 534, 3403, 520, 2261, 520, 1519, 518, 1253, 515, 869, 515, 731, 515, 532, 512, 461, 511, 359, 509, 323, 508, 271, 508, 252, 507, 224, 508, 208, 508, 201, 509, 193, 509, 190, 508, 184, 507, 182, 506, 181, 507, 180, 506, 178, 505, 177, 505, 178, 504, 
0, 178, 506, 179, 503, 179, 503, 179, 503, 179, 503, 181, 503, 181, 503, 181, 503, 180, 502, 180, 503, 180, 503, 180, 503, 180, 503, 180, 504, 180, 503, 179, 502, 180, 504, 181, 502, 181, 502, 180, 502, 180, 503, 180, 502, 180, 502, 180, 502, 180, 501, 180, 502, 179, 501, 179, 500, 179, 502, 179, 501, 179, 501, 178, 500, 178, 501, 178, 501, 179, 500, 179, 501, 180, 501, 180, 501, 181, 501, 181, 501, 181, 502, 181, 501, 181, 502, 181, 503, 181, 504, 180, 503, 180, 503, 180, 502, 181, 502, 181, 502, 181, 503, 181, 503, 181, 503, 180, 502, 180, 502, 180, 502, 180, 502, 181, 501, 181, 502, 181, 502, 
1, 181, 501, 180, 501, 180, 500, 180, 500, 180, 499, 180, 499, 180, 499, 180, 499, 179, 500, 179, 499, 179, 500, 179, 499, 179, 499, 179, 499, 179, 499, 180, 499, 179, 499, 179, 499, 179, 499, 179, 499, 178, 498, 178, 498, 179, 498, 179, 498, 179, 497, 180, 497, 181, 497, 182, 496, 183, 497, 185, 497, 186, 496, 190, 496, 201, 496, 214, 496, 1493, 64, 2452, 56, 3855, 55, 4355, 57, 5072, 56, 5328, 55, 5698, 52, 5937, 52, 6091, 55, 6146, 57, 6189, 60, 6248, 73, 6267, 84, 6276, 136, 6245, 236, 4251, 528, 2828, 508, 2310, 508, 1554, 507, 1282, 506, 889, 505, 749, 503, 547, 500, 475, 498, 371, 498, 334, 498, 
0, 209, 494, 199, 494, 194, 494, 192, 493, 190, 493, 189, 492, 188, 492, 187, 492, 187, 491, 187, 490, 187, 490, 187, 490, 187, 490, 187, 491, 187, 490, 187, 489, 187, 489, 187, 489, 187, 489, 187, 489, 187, 490, 187, 488, 187, 488, 187, 488, 187, 488, 186, 488, 186, 488, 187, 487, 187, 487, 187, 488, 187, 487, 186, 487, 186, 487, 186, 487, 186, 487, 185, 488, 184, 487, 184, 486, 183, 486, 183, 486, 183, 486, 183, 485, 183, 487, 182, 486, 182, 486, 182, 486, 182, 486, 183, 485, 183, 485, 184, 485, 184, 485, 184, 484, 185, 484, 185, 484, 186, 484, 186, 484, 186, 484, 186, 484, 185, 484, 185, 483, 
0, 185, 482, 185, 483, 184, 483, 184, 483, 184, 483, 184, 484, 185, 485, 185, 486, 184, 487, 184, 484, 183, 484, 182, 484, 182, 484, 182, 484, 182, 484, 182, 484, 181, 484, 181, 483, 181, 483, 180, 483, 180, 483, 180, 483, 181, 482, 181, 482, 181, 482, 181, 482, 181, 482, 181, 481, 181, 481, 181, 481, 181, 482, 181, 482, 181, 482, 181, 483, 181, 483, 181, 483, 181, 483, 181, 483, 181, 483, 181, 483, 180, 483, 180, 483, 180, 483, 181, 483, 181, 483, 181, 484, 181, 483, 181, 483, 180, 483, 180, 483, 179, 483, 179, 483, 179, 483, 179, 483, 179, 483, 179, 483, 180, 484, 180, 484, 180, 483, 180, 482, 
0, 179, 483, 179, 483, 179, 483, 179, 483, 179, 483, 179, 482, 179, 482, 179, 483, 178, 482, 178, 482, 178, 482, 178, 483, 178, 481, 178, 482, 178, 482, 178, 482, 177, 481, 177, 481, 177, 481, 177, 481, 177, 481, 177, 480, 177, 481, 177, 480, 177, 481, 177, 481, 177, 480, 177, 480, 177, 480, 177, 480, 177, 480, 177, 480, 177, 480, 177, 480, 177, 480, 177, 480, 177, 480, 177, 479, 177, 480, 177, 480, 177, 480, 177, 480, 177, 480, 178, 479, 178, 479, 178, 479, 178, 479, 178, 479, 178, 479, 178, 479, 178, 478, 179, 479, 179, 478, 179, 479, 179, 478, 180, 478, 180, 478, 180, 478, 180, 478, 180, 479, 
1, 179, 478, 179, 478, 179, 478, 179, 478, 178, 478, 179, 478, 179, 478, 179, 478, 179, 478, 179, 478, 179, 478, 179, 478, 179, 478, 180, 478, 181, 478, 180, 477, 180, 477, 180, 477, 181, 477, 181, 477, 183, 476, 184, 477, 186, 476, 187, 476, 193, 476, 198, 476, 229, 476, 920, 87, 2767, 72, 4033, 70, 4858, 75, 5385, 75, 5723, 74, 5844, 74, 6018, 77, 6129, 84, 6198, 96, 6221, 107, 6250, 155, 6182, 331, 5576, 615, 3712, 580, 3028, 579, 2025, 574, 1373, 573, 1139, 570, 799, 569, 579, 566, 437, 565, 387, 565, 313, 564, 287, 563, 249, 564, 224, 564, 215, 564, 202, 562, 197, 561, 190, 560, 187, 561, 183, 561, 
0, 178, 559, 178, 558, 178, 559, 177, 558, 178, 559, 177, 558, 177, 557, 177, 557, 177, 557, 177, 558, 177, 557, 177, 557, 178, 557, 178, 555, 178, 555, 178, 555, 178, 555, 177, 554, 177, 554, 177, 554, 177, 554, 177, 554, 177, 554, 177, 553, 177, 554, 177, 554, 178, 553, 178, 553, 178, 553, 177, 553, 177, 552, 177, 552, 177, 552, 177, 553, 177, 552, 177, 553, 176, 553, 176, 552, 177, 551, 177, 552, 177, 551, 177, 551, 177, 552, 177, 552, 177, 551, 176, 551, 176, 552, 176, 551, 176, 551, 176, 551, 176, 551, 176, 551, 176, 551, 176, 551, 176, 551, 176, 550, 176, 549, 176, 549, 176, 550, 176, 549, 
0, 176, 548, 176, 548, 176, 548, 176, 548, 175, 548, 175, 548, 175, 548, 176, 548, 176, 548, 176, 548, 176, 548, 176, 547, 176, 547, 176, 547, 177, 547, 177, 547, 177, 547, 177, 547, 177, 547, 177, 547, 176, 547, 176, 547, 176, 546, 177, 546, 177, 546, 177, 546, 177, 546, 177, 546, 177, 546, 177, 546, 177, 545, 178, 545, 177, 546, 177, 546, 177, 546, 178, 546, 179, 545, 179, 545, 179, 545, 179, 545, 179, 545, 179, 545, 180, 545, 180, 546, 180, 545, 181, 544, 181, 545, 181, 544, 181, 545, 181, 544, 181, 544, 181, 544, 181, 544, 180, 545, 180, 544, 180, 544, 179, 544, 179, 543, 179, 542, 179, 542, 
0, 179, 542, 179, 542, 178, 541, 178, 542, 179, 542, 179, 541, 179, 542, 179, 541, 179, 541, 180, 541, 180, 541, 180, 541, 179, 541, 179, 541, 178, 541, 178, 540, 178, 540, 178, 539, 177, 539, 177, 538, 177, 538, 177, 538, 177, 539, 177, 539, 177, 539, 176, 538, 176, 539, 176, 539, 176, 539, 176, 538, 176, 539, 176, 539, 176, 538, 176, 538, 176, 538, 176, 538, 176, 538, 176, 537, 176, 538, 176, 536, 176, 537, 176, 538, 176, 538, 176, 536, 176, 536, 176, 536, 176, 535, 176, 535, 177, 535, 177, 535, 177, 535, 177, 535, 177, 537, 177, 537, 176, 537, 176, 537, 176, 537, 176, 536, 176, 536, 176, 537, 
1, 176, 536, 176, 536, 176, 536, 176, 537, 176, 537, 176, 536, 176, 535, 176, 535, 176, 535, 176, 536, 176, 535, 176, 535, 176, 535, 176, 535, 176, 535, 176, 535, 176, 534, 176, 534, 176, 533, 178, 533, 179, 533, 183, 533, 185, 533, 195, 532, 207, 532, 1378, 56, 2340, 52, 3770, 49, 4285, 51, 5029, 52, 5293, 51, 5676, 49, 5922, 47, 6011, 46, 6139, 47, 6184, 47, 6249, 48, 6272, 49, 6305, 53, 6316, 56, 6330, 68, 6334, 99, 6329, 158, 5718, 614, 4661, 601, 3090, 592, 2521, 591, 1692, 587, 1395, 585, 964, 581, 810, 580, 587, 578, 445, 575, 394, 574, 320, 573, 294, 572, 256, 568, 243, 567, 224, 567, 217, 567, 
0, 194, 563, 193, 564, 192, 564, 192, 563, 192, 562, 191, 560, 191, 562, 191, 560, 191, 559, 191, 559, 191, 559, 191, 558, 191, 559, 191, 558, 191, 558, 191, 558, 191, 558, 191, 557, 191, 558, 191, 559, 191, 559, 191, 560, 191, 559, 191, 556, 191, 556, 191, 556, 191, 556, 191, 555, 191, 555, 191, 556, 191, 556, 191, 556, 191, 556, 191, 556, 191, 556, 190, 556, 190, 556, 190, 554, 190, 554, 190, 554, 190, 554, 190, 553, 190, 553, 190, 553, 190, 554, 190, 554, 190, 553, 190, 553, 190, 553, 190, 554, 190, 553, 190, 553, 190, 553, 190, 552, 190, 551, 190, 551, 190, 552, 190, 552, 190, 552, 190, 553, 
0, 190, 552, 190, 552, 190, 552, 190, 552, 189, 551, 189, 551, 189, 551, 189, 551, 189, 551, 189, 551, 189, 551, 189, 551, 190, 549, 190, 550, 190, 550, 190, 549, 190, 550, 190, 550, 190, 549, 190, 550, 190, 550, 190, 549, 190, 549, 190, 549, 190, 550, 190, 549, 190, 548, 190, 549, 190, 548, 190, 548, 190, 550, 190, 547, 190, 548, 191, 547, 191, 547, 191, 546, 191, 547, 191, 546, 191, 546, 191, 546, 191, 546, 190, 546, 190, 546, 190, 546, 190, 546, 190, 545, 190, 545, 191, 546, 191, 546, 191, 545, 191, 546, 191, 545, 191, 545, 191, 545, 191, 545, 191, 545, 191, 545, 191, 545, 191, 546, 191, 546, 
1, 191, 544, 191, 543, 191, 543, 191, 544, 191, 543, 191, 543, 191, 543, 191, 543, 191, 543, 191, 543, 191, 543, 191, 543, 191, 543, 191, 542, 191, 542, 191, 541, 191, 542, 191, 542, 191, 543, 191, 542, 191, 543, 192, 543, 197, 543, 203, 542, 209, 542, 238, 542, 1464, 75, 2394, 68, 3789, 64, 4294, 63, 5022, 62, 5285, 61, 5669, 56, 5807, 55, 6007, 53, 6079, 53, 6184, 53, 6251, 55, 6275, 56, 6308, 61, 6319, 64, 6332, 73, 6335, 79, 6335, 103, 6329, 131, 6064, 668, 4060, 631, 3312, 626, 2213, 615, 1817, 614, 1240, 612, 1033, 612, 731, 611, 624, 610, 469, 608, 369, 604, 334, 606, 283, 605, 265, 602, 238, 598, 
0, 196, 592, 194, 591, 194, 592, 193, 591, 193, 590, 193, 588, 193, 588, 193, 588, 193, 586, 193, 585, 193, 586, 192, 587, 192, 587, 192, 586, 192, 586, 192, 586, 192, 586, 192, 585, 192, 585, 192, 585, 192, 585, 192, 585, 191, 585, 191, 584, 191, 585, 191, 585, 191, 585, 191, 584, 191, 583, 191, 583, 191, 583, 191, 583, 191, 582, 191, 582, 191, 583, 192, 582, 192, 582, 192, 581, 192, 581, 193, 581, 193, 581, 193, 581, 193, 580, 193, 579, 193, 579, 193, 580, 193, 580, 193, 579, 193, 579, 193, 580, 193, 579, 193, 578, 193, 578, 193, 578, 193, 578, 193, 578, 193, 577, 193, 579, 193, 579, 192, 582, 
0, 195, 561, 195, 561, 195, 561, 195, 561, 196, 560, 197, 561, 197, 560, 197, 560, 197, 559, 197, 560, 196, 559, 196, 559, 195, 557, 195, 557, 195, 557, 195, 557, 195, 556, 194, 556, 194, 557, 194, 558, 194, 560, 194, 559, 194, 559, 194, 559, 193, 559, 192, 561, 192, 564, 192, 568, 192, 571, 190, 570, 187, 568, 181, 575, 177, 574, 177, 572, 180, 563, 186, 544, 189, 539, 190, 539, 191, 527, 191, 519, 191, 510, 191, 512, 189, 508, 178, 496, 172, 483, 159, 459, 149, 430, 145, 417, 138, 388, 135, 380, 129, 364, 130, 335, 131, 323, 133, 317, 134, 322, 133, 324, 132, 318, 129, 306, 129, 278, 130, 285, 
0, -15, 423, -36, 435, -68, 454, -81, 457, -102, 443, -112, 408, -117, 386, -130, 336, -137, 306, -135, 286, -136, 281, -137, 276, -133, 281, -128, 287, -109, 289, -84, 287, -76, 285, -65, 287, -57, 276, -53, 271, -51, 264, -50, 262, -51, 262, -51, 262, -53, 261, -50, 262, -51, 262, -53, 268, -54, 269, -56, 275, -58, 286, -59, 291, -61, 301, -62, 304, -66, 316, -68, 318, -69, 319, -72, 317, -73, 315, -77, 312, -79, 318, -80, 324, -81, 344, -82, 347, -83, 349, -83, 347, -84, 346, -84, 343, -84, 348, -86, 349, -87, 357, -89, 366, -90, 367, -93, 375, -95, 377, -99, 391, -107, 401, -116, 410, -121, 417, -129, 443, 
0, -140, 418, -139, 415, -138, 403, -136, 381, -137, 369, -138, 351, -140, 346, -142, 343, -143, 344, -144, 344, -144, 341, -144, 342, -144, 334, -143, 330, -142, 325, -141, 322, -141, 324, -141, 323, -141, 320, -140, 319, -140, 317, -139, 311, -138, 308, -137, 311, -135, 319, -131, 330, -129, 337, -127, 356, -125, 342, -124, 335, -121, 315, -119, 309, -116, 318, -114, 327, -112, 349, -111, 346, -112, 341, -111, 322, -110, 308, -108, 264, -107, 248, -105, 225, -102, 217, -97, 197, -97, 191, -99, 208, -101, 247, -105, 468, -110, 552, -113, 528, -119, 510, -120, 512, -115, 505, -113, 506, -111, 513, -110, 516, -109, 510, -108, 507, -108, 504, -107, 500, 
