0, -13, 208, -13, 209, -13, 209, -13, 209, -13, 208, -13, 210, -12, 211, -12, 211, -11, 211, -10, 211, -9, 211, -8, 210, -5, 210, 0, 210, 5, 210, 8, 210, 11, 210, 17, 213, 20, 215, 26, 220, 34, 227, 38, 227, 46, 228, 51, 226, 63, 224, 76, 222, 81, 223, 81, 227, 79, 230, 69, 238, 63, 240, 47, 242, 39, 242, 22, 244, 9, 251, -7, 256, -14, 261, -15, 262, -14, 268, -12, 270, -10, 283, -9, 295, -7, 297, -7, 301, -9, 304, -12, 309, -13, 310, -16, 313, -19, 310, -24, 310, -28, 312, -30, 311, -32, 310, -33, 308, -34, 306, -35, 304, -35, 299, -35, 298, -35, 297, -35, 296, 
0, -34, 308, -32, 310, -29, 308, -28, 306, -27, 303, -26, 302, -23, 297, -20, 290, -18, 286, -14, 276, -13, 270, -12, 265, -12, 268, -14, 273, -14, 280, -14, 282, -14, 282, -16, 286, -19, 289, -22, 290, -26, 285, -27, 281, -27, 278, -26, 278, -25, 283, -23, 303, -22, 316, -18, 315, -15, 315, -9, 318, -3, 323, 1, 325, 8, 333, 11, 337, 19, 346, 23, 351, 30, 365, 32, 372, 35, 385, 35, 387, 30, 400, 26, 406, 24, 408, 21, 419, 20, 428, 16, 411, 14, 401, 17, 350, 19, 318, 22, 307, 22, 310, 18, 338, 4, 359, 0, 367, 0, 381, 7, 410, 12, 423, 19, 435, 22, 437, 23, 438, 
0, 20, 446, 20, 447, 21, 447, 25, 449, 28, 448, 33, 446, 39, 448, 42, 445, 49, 442, 51, 442, 54, 440, 54, 439, 48, 437, 47, 439, 45, 440, 43, 439, 42, 441, 42, 447, 41, 447, 42, 443, 42, 443, 41, 440, 41, 439, 39, 440, 37, 445, 37, 446, 37, 445, 37, 438, 38, 422, 39, 422, 46, 437, 58, 461, 64, 476, 73, 466, 75, 439, 74, 459, 68, 427, 47, 360, 24, 354, 8, 352, -32, 375, -53, 387, -96, 425, -132, 445, -144, 447, -152, 445, -160, 457, -161, 475, -160, 478, -156, 472, -154, 475, -146, 472, -134, 480, -127, 487, -113, 503, -106, 511, -87, 494, -76, 484, -53, 455, -30, 440, 
0, 25, 415, 31, 415, 41, 414, 45, 414, 51, 405, 55, 402, 58, 401, 66, 399, 71, 398, 83, 393, 91, 390, 112, 396, 125, 402, 154, 404, 188, 485, 203, 485, 226, 601, 233, 602, 237, 547, 233, 552, 243, 523, 269, 509, 275, 494, 249, 489, 177, 482, 110, 480, 92, 479, 144, 467, 235, 452, 282, 447, 348, 446, 337, 451, 212, 457, 156, 458, 74, 461, 47, 466, 11, 489, -7, 524, -12, 541, -14, 553, -14, 552, -12, 537, -13, 546, -11, 547, -6, 538, 3, 550, 10, 561, 14, 563, 22, 557, 25, 560, 30, 536, 34, 522, 36, 508, 48, 470, 56, 454, 69, 438, 98, 434, 166, 446, 197, 449, 206, 449, 
0, 124, 442, 87, 452, 76, 451, 81, 452, 151, 451, 164, 447, 213, 431, 300, 423, 346, 418, 412, 408, 428, 407, 438, 406, 417, 407, 364, 414, 342, 416, 306, 408, 292, 407, 268, 404, 251, 405, 245, 406, 237, 422, 236, 417, 237, 422, 242, 419, 248, 420, 250, 419, 252, 419, 251, 419, 249, 439, 247, 445, 240, 450, 227, 452, 217, 446, 188, 411, 168, 412, 125, 440, 102, 620, 129, 644, 146, 626, 206, 622, 233, 639, 211, 617, 175, 610, 160, 603, 135, 605, 125, 607, 109, 610, 104, 624, 96, 646, 93, 648, 94, 643, 95, 650, 95, 651, 94, 644, 92, 641, 87, 641, 85, 640, 79, 639, 71, 637, 68, 639, 
0, 65, 654, 72, 656, 76, 667, 77, 664, 81, 660, 87, 659, 92, 655, 94, 658, 96, 654, 97, 653, 104, 646, 133, 649, 169, 566, 206, 446, 211, 461, 213, 519, 210, 593, 207, 618, 193, 617, 173, 640, 152, 615, 142, 632, 128, 664, 121, 668, 119, 671, 119, 670, 119, 620, 118, 589, 121, 579, 127, 540, 131, 522, 131, 526, 128, 536, 125, 598, 123, 603, 123, 571, 122, 561, 126, 600, 126, 604, 117, 596, 113, 590, 109, 574, 107, 568, 105, 591, 105, 616, 103, 663, 102, 680, 95, 685, 92, 687, 87, 672, 84, 625, 82, 605, 70, 589, 55, 593, 55, 599, 59, 594, 55, 617, 37, 628, 16, 625, 9, 621, 
0, -12, 594, -14, 593, -14, 591, -15, 590, -22, 588, -37, 587, -46, 584, -88, 583, -144, 584, -161, 581, -145, 564, -116, 545, -118, 547, -108, 637, -96, 608, -88, 631, -90, 633, -56, 626, -61, 616, -39, 604, -3, 605, 16, 608, 76, 634, 117, 652, 207, 695, 244, 701, 296, 711, 310, 728, 299, 723, 230, 711, 190, 711, 146, 697, 133, 686, 110, 679, 96, 675, 58, 671, 35, 668, -12, 662, -47, 663, -59, 664, -74, 661, -80, 663, -77, 662, -72, 664, -44, 667, 7, 673, 65, 684, 110, 727, 205, 715, 239, 711, 258, 689, 245, 678, 209, 658, 182, 650, 174, 649, 161, 646, 153, 644, 128, 644, 110, 641, 58, 628, 
0, 41, 602, 41, 602, 41, 601, 40, 601, 40, 601, 40, 601, 41, 601, 41, 601, 41, 601, 41, 601, 41, 601, 41, 601, 41, 601, 41, 601, 41, 601, 41, 601, 41, 600, 41, 601, 41, 601, 41, 600, 41, 600, 41, 600, 41, 600, 41, 600, 41, 600, 41, 599, 41, 599, 41, 599, 41, 599, 41, 599, 41, 599, 41, 599, 41, 599, 41, 599, 42, 599, 42, 599, 43, 599, 43, 599, 43, 599, 42, 599, 42, 599, 42, 599, 42, 598, 42, 598, 42, 598, 42, 598, 42, 598, 42, 598, 42, 598, 41, 598, 41, 598, 40, 599, 40, 599, 40, 599, 40, 599, 40, 599, 40, 599, 40, 598, 40, 599, 39, 598, 
1, 39, 598, 39, 598, 39, 598, 39, 598, 39, 598, 39, 598, 39, 598, 40, 598, 40, 598, 40, 598, 40, 598, 40, 598, 40, 598, 40, 598, 40, 598, 40, 598, 40, 598, 40, 597, 40, 597, 40, 598, 40, 598, 40, 598, 40, 598, 40, 598, 40, 598, 40, 598, 40, 598, 41, 598, 41, 598, 41, 599, 43, 599, 45, 599, 46, 599, 49, 601, 51, 602, 53, 601, 54, 602, 56, 601, 57, 601, 59, 601, 60, 600, 60, 601, 62, 601, 63, 600, 66, 599, 68, 600, 71, 600, 72, 600, 74, 600, 75, 600, 75, 600, 75, 601, 75, 601, 76, 602, 77, 601, 79, 601, 83, 601, 113, 600, 483, 328, 639, 263, 
0, 1093, 384, 820, 389, 700, 383, 506, 380, 432, 379, 319, 377, 244, 376, 216, 375, 177, 374, 163, 373, 143, 373, 136, 374, 126, 373, 119, 372, 116, 372, 115, 372, 114, 372, 113, 372, 113, 371, 114, 371, 115, 371, 115, 371, 115, 371, 115, 370, 115, 370, 114, 370, 113, 370, 111, 370, 110, 369, 109, 369, 108, 369, 106, 368, 104, 369, 104, 369, 103, 368, 103, 368, 103, 368, 103, 367, 103, 368, 102, 368, 102, 367, 101, 367, 101, 367, 101, 367, 101, 367, 101, 366, 101, 366, 101, 366, 101, 366, 101, 366, 101, 366, 101, 366, 101, 365, 101, 365, 101, 365, 101, 366, 101, 365, 100, 365, 100, 365, 100, 366, 
1, 101, 365, 101, 365, 101, 365, 101, 365, 101, 365, 101, 365, 101, 365, 101, 364, 101, 365, 101, 364, 101, 364, 101, 364, 101, 364, 101, 364, 102, 364, 102, 364, 103, 364, 104, 364, 105, 364, 108, 364, 109, 364, 113, 364, 115, 363, 116, 363, 118, 364, 119, 364, 121, 363, 123, 363, 130, 363, 137, 363, 180, 363, 629, 183, 1048, 191, 1343, 204, 1432, 211, 1483, 229, 1432, 471, 1051, 464, 882, 462, 623, 460, 526, 458, 387, 456, 336, 455, 264, 456, 237, 454, 198, 454, 172, 453, 163, 451, 150, 452, 146, 450, 141, 448, 140, 447, 137, 448, 136, 447, 136, 446, 136, 446, 136, 445, 136, 445, 136, 445, 136, 446, 
0, 134, 444, 132, 445, 131, 444, 130, 443, 129, 443, 128, 443, 127, 443, 126, 443, 124, 442, 124, 442, 125, 443, 126, 443, 129, 442, 130, 442, 132, 442, 134, 441, 135, 441, 136, 441, 136, 441, 136, 441, 137, 441, 137, 441, 137, 440, 137, 440, 139, 439, 140, 439, 140, 439, 141, 439, 141, 439, 141, 438, 141, 438, 141, 437, 141, 438, 141, 438, 142, 438, 142, 438, 142, 438, 142, 438, 142, 437, 142, 438, 142, 439, 142, 439, 143, 439, 144, 439, 145, 438, 149, 438, 151, 439, 153, 438, 154, 438, 156, 438, 157, 437, 159, 437, 160, 436, 160, 437, 162, 436, 162, 436, 162, 436, 161, 437, 161, 437, 161, 436, 
0, 158, 437, 158, 438, 158, 437, 158, 437, 158, 437, 158, 437, 158, 438, 158, 438, 158, 438, 158, 438, 158, 437, 158, 437, 158, 437, 158, 437, 159, 437, 159, 437, 159, 437, 159, 437, 159, 437, 160, 437, 160, 437, 160, 437, 160, 437, 160, 437, 160, 437, 160, 436, 160, 437, 160, 436, 159, 436, 158, 437, 157, 437, 157, 436, 157, 436, 157, 436, 157, 436, 156, 436, 156, 435, 156, 436, 156, 435, 156, 435, 156, 436, 156, 435, 156, 434, 156, 435, 156, 435, 157, 435, 157, 435, 157, 435, 156, 435, 156, 435, 155, 435, 155, 435, 155, 434, 155, 434, 155, 434, 155, 434, 155, 434, 155, 434, 156, 434, 156, 434, 
1, 156, 434, 157, 434, 157, 434, 157, 434, 157, 434, 157, 434, 157, 434, 157, 434, 157, 434, 157, 433, 157, 433, 157, 433, 158, 433, 158, 433, 158, 434, 158, 433, 158, 433, 158, 433, 158, 433, 158, 433, 158, 433, 159, 432, 161, 432, 174, 433, 196, 432, 651, 173, 1052, 154, 1224, 151, 1490, 153, 1659, 155, 1716, 160, 1674, 298, 1245, 463, 875, 461, 736, 460, 530, 458, 397, 455, 309, 455, 252, 453, 230, 453, 199, 453, 179, 451, 172, 451, 161, 450, 151, 447, 149, 448, 147, 448, 145, 448, 144, 448, 144, 447, 143, 448, 143, 447, 143, 447, 143, 447, 142, 446, 141, 446, 141, 446, 141, 446, 141, 446, 141, 447, 
0, 141, 446, 141, 446, 141, 445, 141, 445, 141, 445, 141, 445, 141, 445, 141, 445, 141, 445, 141, 445, 141, 445, 141, 445, 141, 445, 141, 445, 141, 445, 141, 445, 141, 445, 141, 444, 140, 445, 140, 444, 140, 444, 140, 444, 140, 444, 140, 445, 140, 445, 140, 445, 140, 445, 140, 445, 140, 445, 140, 445, 140, 444, 140, 445, 140, 444, 140, 444, 140, 444, 140, 444, 140, 444, 140, 444, 140, 444, 139, 444, 139, 443, 139, 443, 139, 443, 139, 443, 139, 443, 139, 443, 139, 443, 139, 443, 139, 443, 139, 443, 139, 443, 139, 442, 139, 442, 139, 442, 139, 442, 139, 442, 139, 442, 139, 442, 140, 442, 140, 441, 
0, 140, 441, 140, 441, 140, 441, 140, 441, 140, 441, 140, 441, 140, 440, 140, 441, 140, 441, 141, 440, 141, 440, 141, 440, 141, 440, 141, 440, 141, 440, 141, 440, 141, 440, 141, 440, 141, 440, 141, 440, 141, 440, 141, 440, 141, 440, 141, 440, 141, 440, 141, 440, 141, 440, 141, 440, 141, 440, 141, 440, 141, 440, 141, 440, 141, 439, 141, 440, 141, 440, 142, 440, 142, 440, 142, 440, 142, 439, 142, 439, 142, 440, 142, 439, 142, 439, 142, 439, 142, 439, 142, 439, 142, 439, 142, 440, 142, 439, 142, 439, 142, 439, 142, 440, 142, 439, 142, 439, 142, 439, 142, 439, 142, 439, 142, 439, 142, 439, 143, 438, 
0, 145, 438, 145, 438, 146, 438, 146, 438, 147, 438, 147, 438, 148, 438, 148, 438, 149, 438, 149, 438, 149, 438, 149, 438, 150, 438, 150, 438, 150, 438, 150, 438, 150, 438, 150, 438, 149, 438, 149, 437, 148, 437, 149, 437, 148, 437, 147, 437, 147, 437, 147, 437, 146, 437, 146, 437, 146, 437, 145, 437, 145, 437, 144, 437, 144, 437, 144, 437, 144, 437, 144, 437, 144, 437, 144, 436, 144, 436, 144, 437, 144, 436, 144, 437, 145, 436, 145, 436, 145, 436, 145, 436, 144, 436, 144, 436, 144, 436, 144, 435, 144, 436, 144, 436, 144, 436, 144, 436, 144, 436, 145, 436, 146, 436, 146, 436, 146, 435, 147, 435, 
1, 151, 435, 153, 435, 153, 435, 154, 435, 155, 435, 155, 434, 155, 433, 155, 434, 155, 434, 155, 434, 155, 434, 155, 434, 155, 433, 155, 433, 155, 433, 155, 433, 155, 433, 156, 433, 158, 433, 159, 433, 166, 433, 173, 433, 209, 433, 474, 173, 890, 179, 1226, 184, 1327, 213, 1346, 355, 1108, 454, 957, 456, 714, 453, 620, 451, 473, 450, 371, 447, 333, 447, 277, 447, 255, 447, 222, 445, 200, 445, 186, 444, 180, 445, 176, 444, 170, 443, 165, 442, 163, 443, 161, 442, 160, 441, 157, 442, 156, 442, 155, 442, 153, 441, 153, 441, 152, 441, 151, 441, 151, 441, 150, 440, 150, 440, 150, 440, 150, 441, 149, 440, 
0, 147, 440, 147, 440, 147, 440, 148, 439, 148, 439, 146, 438, 145, 439, 145, 439, 145, 438, 145, 439, 145, 438, 144, 438, 144, 438, 144, 438, 144, 438, 144, 437, 144, 437, 144, 437, 144, 437, 143, 437, 143, 437, 143, 437, 144, 437, 144, 437, 144, 436, 143, 436, 142, 436, 142, 436, 142, 435, 142, 436, 142, 436, 142, 436, 142, 436, 142, 436, 142, 436, 142, 436, 142, 436, 142, 436, 142, 436, 142, 436, 142, 436, 142, 435, 142, 435, 142, 436, 142, 435, 142, 434, 142, 434, 142, 434, 142, 434, 142, 434, 143, 434, 144, 434, 144, 434, 144, 434, 144, 434, 143, 435, 143, 435, 143, 434, 144, 434, 144, 434, 
1, 145, 434, 145, 433, 146, 433, 146, 433, 146, 434, 147, 433, 147, 433, 147, 433, 147, 433, 148, 434, 149, 433, 149, 433, 149, 433, 150, 433, 152, 432, 153, 433, 154, 433, 155, 433, 156, 433, 157, 433, 157, 433, 158, 433, 158, 433, 159, 432, 166, 432, 175, 432, 182, 433, 218, 434, 442, 160, 932, 165, 1157, 155, 1475, 177, 1547, 179, 1578, 201, 1557, 229, 1324, 456, 1130, 452, 809, 450, 586, 449, 437, 448, 382, 448, 337, 447, 273, 447, 231, 447, 203, 446, 193, 447, 179, 448, 174, 448, 165, 447, 159, 446, 156, 446, 155, 445, 154, 446, 153, 446, 152, 446, 152, 446, 152, 446, 152, 445, 152, 445, 150, 444, 
0, 149, 443, 149, 443, 148, 443, 148, 442, 148, 442, 147, 441, 147, 441, 146, 440, 146, 441, 146, 440, 146, 440, 146, 440, 145, 439, 145, 440, 145, 440, 145, 440, 145, 440, 145, 440, 144, 440, 144, 440, 144, 439, 144, 439, 144, 439, 144, 439, 144, 439, 143, 439, 143, 439, 143, 438, 143, 439, 143, 438, 143, 439, 143, 438, 144, 438, 144, 438, 144, 438, 144, 438, 144, 437, 144, 437, 144, 437, 144, 437, 144, 437, 143, 437, 143, 437, 143, 436, 143, 436, 142, 436, 142, 436, 142, 436, 142, 435, 142, 435, 143, 435, 143, 436, 143, 435, 143, 435, 143, 436, 143, 435, 143, 435, 143, 435, 143, 435, 143, 435, 
1, 143, 435, 144, 435, 143, 436, 143, 436, 143, 435, 144, 435, 144, 436, 144, 436, 144, 436, 144, 435, 144, 435, 145, 436, 146, 436, 147, 436, 147, 436, 148, 436, 150, 436, 152, 435, 154, 435, 155, 435, 156, 436, 161, 435, 167, 436, 176, 435, 185, 435, 202, 434, 585, 165, 812, 162, 1205, 152, 1344, 162, 1467, 224, 1408, 371, 1042, 452, 741, 450, 628, 449, 460, 448, 400, 448, 313, 448, 257, 447, 237, 446, 220, 447, 196, 446, 180, 446, 169, 444, 162, 444, 157, 444, 154, 444, 152, 445, 152, 444, 152, 444, 152, 444, 152, 444, 151, 443, 151, 443, 151, 443, 152, 444, 152, 443, 153, 443, 153, 443, 153, 443, 
0, 151, 442, 151, 441, 151, 442, 151, 441, 150, 441, 149, 441, 149, 441, 150, 441, 149, 440, 149, 440, 148, 439, 148, 439, 147, 439, 147, 438, 147, 439, 148, 439, 147, 439, 147, 439, 147, 439, 147, 438, 147, 438, 147, 438, 147, 438, 147, 438, 147, 438, 147, 437, 147, 438, 146, 438, 146, 438, 147, 438, 146, 438, 146, 438, 146, 438, 146, 437, 146, 438, 146, 438, 146, 438, 146, 438, 146, 438, 146, 437, 146, 437, 145, 437, 145, 437, 146, 437, 146, 437, 146, 437, 146, 437, 146, 437, 146, 437, 146, 437, 147, 437, 148, 437, 149, 437, 150, 437, 151, 437, 151, 437, 152, 437, 152, 437, 153, 437, 153, 437, 
0, 154, 437, 155, 437, 155, 436, 155, 436, 155, 436, 155, 437, 155, 437, 155, 437, 156, 436, 156, 437, 156, 437, 156, 436, 156, 437, 156, 437, 156, 437, 156, 437, 157, 437, 157, 437, 157, 436, 158, 436, 158, 436, 158, 436, 158, 436, 158, 436, 158, 436, 158, 436, 158, 436, 158, 436, 158, 436, 158, 436, 158, 436, 158, 436, 158, 436, 158, 436, 158, 436, 158, 436, 158, 436, 158, 436, 159, 436, 159, 436, 159, 436, 159, 436, 159, 436, 159, 436, 159, 436, 159, 436, 159, 436, 159, 436, 159, 436, 159, 436, 159, 436, 159, 436, 159, 436, 159, 436, 159, 436, 159, 436, 159, 436, 159, 436, 160, 436, 160, 436, 
1, 162, 436, 162, 436, 162, 435, 162, 435, 162, 436, 162, 435, 162, 435, 162, 435, 162, 435, 162, 435, 162, 435, 161, 435, 161, 435, 161, 435, 161, 435, 161, 434, 161, 435, 162, 434, 162, 434, 162, 434, 163, 434, 164, 434, 164, 434, 165, 434, 166, 434, 169, 434, 177, 434, 188, 434, 441, 159, 865, 162, 1197, 165, 1303, 194, 1301, 420, 1163, 448, 864, 448, 739, 448, 544, 446, 471, 444, 361, 445, 289, 443, 263, 443, 226, 442, 212, 443, 192, 442, 185, 442, 174, 442, 171, 442, 166, 442, 164, 442, 161, 441, 158, 440, 157, 439, 156, 439, 156, 440, 155, 439, 155, 439, 155, 439, 155, 439, 155, 439, 155, 439, 
0, 154, 438, 153, 439, 153, 439, 153, 438, 154, 437, 154, 437, 154, 437, 154, 436, 153, 436, 153, 436, 153, 437, 152, 436, 152, 436, 153, 436, 153, 436, 153, 436, 153, 436, 153, 436, 154, 436, 155, 435, 155, 435, 155, 435, 155, 435, 156, 435, 156, 435, 157, 435, 157, 435, 157, 435, 157, 434, 157, 434, 157, 435, 157, 434, 157, 434, 158, 434, 158, 434, 158, 434, 158, 434, 158, 434, 158, 434, 158, 434, 158, 434, 158, 434, 158, 434, 158, 434, 158, 433, 158, 434, 158, 434, 158, 434, 158, 434, 158, 433, 158, 433, 158, 433, 159, 433, 160, 433, 160, 433, 160, 433, 160, 433, 161, 433, 161, 433, 162, 433, 
1, 164, 433, 165, 433, 165, 433, 165, 433, 166, 433, 166, 433, 166, 433, 168, 433, 168, 434, 167, 434, 167, 433, 167, 433, 168, 434, 169, 434, 169, 433, 169, 433, 169, 433, 169, 433, 170, 433, 171, 433, 171, 433, 172, 433, 173, 433, 174, 433, 176, 433, 176, 433, 178, 433, 179, 433, 188, 432, 199, 433, 539, 163, 785, 168, 1209, 154, 1477, 209, 1472, 358, 1137, 453, 966, 452, 698, 448, 598, 447, 446, 444, 390, 443, 307, 444, 254, 445, 235, 444, 208, 443, 198, 443, 183, 444, 177, 445, 169, 443, 165, 442, 162, 442, 160, 441, 158, 441, 157, 441, 155, 441, 154, 441, 154, 441, 154, 441, 153, 441, 152, 441, 
0, 151, 440, 151, 440, 152, 439, 150, 439, 150, 439, 151, 438, 151, 438, 151, 438, 151, 438, 150, 438, 150, 438, 149, 438, 149, 438, 148, 437, 149, 437, 149, 438, 148, 437, 148, 437, 148, 436, 148, 436, 148, 437, 148, 437, 148, 437, 148, 437, 149, 436, 149, 436, 149, 436, 149, 437, 149, 436, 149, 436, 149, 436, 149, 436, 150, 436, 150, 436, 150, 436, 150, 436, 149, 435, 150, 435, 150, 435, 150, 435, 150, 435, 149, 435, 149, 435, 149, 435, 150, 435, 150, 436, 150, 435, 150, 435, 150, 435, 150, 435, 150, 434, 150, 435, 150, 434, 151, 434, 151, 434, 152, 434, 152, 434, 153, 434, 153, 434, 153, 434, 
0, 154, 435, 155, 435, 156, 435, 157, 435, 157, 434, 158, 434, 158, 434, 158, 434, 158, 435, 158, 435, 158, 435, 158, 435, 158, 436, 158, 436, 158, 435, 159, 435, 159, 435, 159, 435, 159, 435, 160, 434, 160, 435, 161, 435, 161, 435, 161, 434, 161, 434, 162, 434, 162, 434, 163, 434, 165, 435, 165, 434, 164, 434, 164, 434, 164, 433, 162, 434, 162, 434, 162, 434, 162, 433, 162, 433, 162, 434, 162, 434, 162, 434, 162, 433, 162, 433, 162, 433, 162, 433, 162, 432, 162, 433, 162, 433, 162, 433, 162, 433, 162, 433, 162, 433, 162, 433, 162, 433, 162, 433, 162, 433, 162, 433, 163, 433, 162, 433, 162, 432, 
1, 162, 432, 162, 432, 162, 433, 162, 432, 162, 432, 162, 432, 162, 432, 162, 432, 162, 432, 162, 432, 162, 431, 162, 432, 162, 431, 164, 431, 164, 431, 165, 431, 166, 431, 168, 431, 170, 431, 173, 431, 179, 431, 198, 430, 487, 167, 699, 185, 1027, 173, 1197, 255, 1148, 425, 913, 443, 683, 441, 590, 441, 448, 441, 352, 439, 289, 438, 265, 437, 230, 437, 205, 436, 196, 436, 183, 435, 178, 435, 171, 435, 167, 435, 165, 436, 162, 435, 161, 436, 160, 435, 160, 436, 160, 435, 158, 435, 158, 435, 158, 435, 158, 435, 158, 434, 158, 434, 158, 434, 158, 434, 158, 434, 157, 434, 157, 434, 157, 433, 157, 433, 
0, 156, 434, 155, 433, 155, 434, 154, 434, 154, 434, 154, 434, 153, 433, 153, 433, 153, 433, 152, 433, 152, 433, 151, 433, 151, 433, 151, 433, 151, 433, 151, 433, 151, 434, 151, 434, 151, 434, 151, 434, 151, 434, 150, 434, 150, 433, 150, 433, 150, 433, 151, 433, 151, 433, 151, 433, 150, 433, 151, 434, 151, 434, 151, 433, 152, 433, 151, 433, 151, 433, 151, 433, 151, 433, 151, 433, 151, 433, 152, 433, 151, 434, 151, 434, 151, 433, 151, 434, 151, 433, 151, 434, 151, 434, 151, 434, 151, 433, 150, 433, 151, 433, 152, 433, 152, 432, 152, 432, 152, 431, 152, 432, 152, 431, 152, 431, 152, 431, 153, 431, 
0, 153, 432, 154, 432, 154, 432, 154, 431, 154, 430, 154, 430, 154, 430, 154, 430, 155, 429, 156, 430, 156, 430, 156, 430, 156, 430, 156, 430, 156, 429, 156, 429, 156, 429, 156, 429, 156, 429, 156, 429, 156, 429, 156, 429, 156, 429, 156, 429, 157, 429, 157, 429, 157, 429, 158, 429, 158, 429, 158, 429, 158, 429, 158, 429, 158, 428, 158, 429, 158, 428, 158, 429, 158, 429, 158, 428, 158, 428, 158, 428, 158, 428, 158, 428, 158, 428, 158, 428, 159, 428, 159, 428, 159, 428, 159, 428, 159, 428, 159, 428, 159, 428, 159, 428, 159, 427, 159, 427, 159, 427, 159, 427, 159, 427, 159, 427, 159, 427, 159, 427, 
0, 159, 427, 159, 427, 159, 427, 160, 427, 161, 427, 161, 427, 161, 426, 161, 427, 161, 427, 161, 427, 161, 427, 161, 427, 161, 426, 161, 426, 161, 426, 161, 426, 161, 426, 161, 426, 161, 426, 161, 427, 161, 426, 161, 426, 161, 426, 161, 426, 161, 426, 161, 426, 161, 426, 162, 426, 162, 426, 162, 426, 162, 426, 162, 426, 162, 426, 162, 426, 162, 426, 162, 427, 162, 427, 162, 427, 162, 426, 162, 427, 163, 426, 163, 427, 163, 427, 163, 426, 163, 426, 163, 427, 163, 426, 163, 427, 163, 427, 163, 427, 163, 427, 163, 427, 163, 427, 163, 427, 163, 427, 163, 427, 163, 427, 163, 427, 163, 427, 163, 427, 
1, 164, 426, 164, 426, 164, 426, 164, 426, 167, 426, 170, 426, 178, 426, 197, 426, 296, 403, 412, 362, 502, 442, 454, 442, 388, 439, 357, 438, 303, 437, 264, 437, 249, 436, 225, 436, 216, 435, 204, 434, 196, 434, 193, 434, 188, 434, 186, 433, 184, 433, 184, 433, 184, 432, 188, 432, 190, 432, 195, 432, 201, 432, 421, 136, 744, 136, 1260, 129, 1604, 142, 1692, 175, 1425, 448, 1205, 445, 855, 442, 616, 440, 529, 439, 400, 439, 353, 439, 284, 439, 259, 439, 223, 438, 200, 437, 192, 436, 180, 436, 175, 435, 169, 436, 165, 436, 164, 436, 162, 436, 161, 435, 160, 435, 159, 435, 158, 435, 158, 435, 158, 434, 
0, 156, 433, 156, 434, 156, 434, 156, 433, 156, 433, 154, 432, 154, 432, 154, 432, 154, 432, 154, 432, 154, 432, 153, 432, 152, 432, 152, 432, 152, 432, 152, 432, 152, 431, 152, 431, 151, 431, 151, 431, 151, 431, 151, 432, 150, 431, 151, 431, 151, 431, 151, 431, 150, 430, 150, 430, 149, 430, 149, 430, 149, 430, 149, 431, 149, 431, 149, 430, 149, 430, 149, 430, 149, 430, 149, 430, 149, 430, 148, 430, 148, 430, 148, 430, 148, 430, 148, 429, 148, 429, 148, 429, 147, 429, 147, 429, 147, 429, 147, 429, 147, 430, 146, 430, 144, 429, 143, 429, 141, 429, 139, 429, 139, 429, 139, 430, 139, 430, 139, 429, 
0, 141, 429, 141, 428, 141, 429, 141, 428, 141, 429, 141, 429, 141, 429, 141, 429, 141, 430, 141, 429, 141, 429, 140, 428, 140, 428, 140, 429, 140, 429, 139, 428, 138, 427, 134, 425, 131, 426, 126, 426, 118, 425, 114, 426, 103, 426, 95, 425, 92, 425, 87, 425, 85, 425, 84, 425, 83, 426, 83, 426, 85, 426, 87, 426, 92, 427, 95, 428, 96, 428, 100, 427, 101, 427, 106, 429, 110, 427, 112, 430, 115, 430, 116, 429, 118, 430, 118, 431, 118, 431, 119, 431, 119, 430, 119, 429, 122, 429, 123, 429, 127, 429, 130, 429, 132, 429, 134, 429, 136, 428, 136, 428, 138, 428, 139, 428, 139, 428, 139, 428, 
0, -10, 509, -25, 524, -31, 510, -33, 501, -32, 481, -29, 471, -33, 534, -52, 496, -47, 549, -23, 534, 4, 533, 26, 534, 66, 535, 106, 548, 126, 551, 167, 560, 212, 568, 253, 581, 295, 596, 355, 611, 385, 586, 388, 588, 385, 592, 380, 593, 361, 606, 332, 607, 324, 607, 310, 589, 304, 582, 282, 599, 266, 601, 241, 596, 224, 601, 208, 607, 202, 605, 197, 606, 192, 602, 189, 600, 179, 594, 172, 589, 167, 587, 158, 585, 154, 583, 149, 579, 145, 572, 143, 570, 137, 573, 127, 572, 122, 572, 108, 569, 102, 567, 85, 563, 76, 563, 52, 558, 25, 553, -2, 548, -16, 546, -44, 542, -58, 541, -89, 535, 
0, -192, 564, -191, 580, -178, 597, -161, 617, -138, 656, -124, 667, -93, 676, -76, 662, -78, 646, -92, 638, -110, 609, -115, 598, -122, 592, -122, 596, -119, 598, -115, 598, -103, 583, -95, 586, -77, 586, -60, 627, -54, 617, -40, 556, -7, 460, 14, 463, 36, 427, 85, 256, 113, 210, 164, 175, 203, 173, 219, 173, 244, 176, 255, 177, 271, 171, 278, 167, 291, 157, 296, 153, 303, 149, 307, 146, 311, 148, 312, 156, 310, 171, 306, 196, 300, 219, 296, 233, 284, 245, 278, 246, 271, 241, 266, 237, 265, 237, 263, 237, 262, 236, 261, 234, 259, 234, 259, 234, 259, 233, 259, 233, 259, 232, 259, 232, 259, 232, 257, 231, 
