0, 140, 533, 139, 533, 139, 533, 139, 533, 139, 533, 139, 533, 139, 533, 139, 532, 140, 532, 140, 532, 140, 532, 140, 533, 140, 533, 140, 533, 140, 533, 140, 533, 140, 533, 140, 533, 140, 532, 140, 532, 140, 532, 140, 532, 140, 532, 140, 532, 141, 532, 141, 532, 141, 532, 141, 532, 141, 532, 142, 532, 143, 533, 144, 533, 144, 534, 144, 533, 146, 533, 146, 533, 147, 533, 147, 533, 149, 533, 150, 533, 151, 533, 152, 534, 153, 543, 151, 554, 151, 553, 150, 557, 150, 555, 150, 547, 150, 551, 151, 552, 150, 573, 149, 577, 149, 575, 151, 595, 167, 616, 171, 634, 174, 639, 173, 637, 168, 620, 160, 620, 
0, 154, 627, 156, 622, 157, 620, 157, 621, 158, 585, 159, 570, 159, 575, 156, 580, 151, 577, 144, 593, 144, 576, 146, 574, 149, 565, 147, 552, 143, 553, 128, 556, 108, 533, 97, 525, 74, 492, 63, 461, 46, 438, 35, 495, 31, 539, 27, 545, 26, 538, 27, 535, 30, 540, 31, 551, 34, 563, 35, 570, 37, 583, 39, 594, 45, 602, 50, 602, 64, 603, 79, 598, 84, 595, 92, 599, 90, 640, 95, 677, 97, 703, 97, 718, 101, 721, 102, 720, 103, 719, 103, 715, 102, 713, 101, 713, 98, 715, 95, 714, 91, 716, 87, 716, 85, 725, 83, 726, 83, 728, 79, 741, 77, 719, 78, 686, 79, 679, 77, 703, 
0, 61, 700, 60, 702, 59, 699, 59, 698, 64, 685, 75, 661, 83, 621, 85, 598, 77, 557, 53, 584, 24, 557, 0, 532, -22, 498, -46, 504, -70, 497, -95, 467, -110, 448, -139, 440, -137, 543, -126, 485, -97, 453, -84, 437, -70, 476, -62, 536, -50, 529, -36, 525, -23, 531, -14, 513, -7, 491, 0, 479, 2, 465, 4, 452, 3, 444, 2, 440, 0, 439, -4, 433, -7, 431, -12, 434, -17, 437, -20, 436, -24, 441, -26, 445, -29, 461, -31, 472, -31, 479, -31, 499, -27, 515, -20, 539, -17, 561, -14, 568, -9, 554, -7, 546, -5, 531, -2, 504, -1, 496, -2, 470, -9, 456, -15, 451, -26, 453, -34, 453, 
0, -80, 460, -81, 464, -80, 468, -77, 465, -73, 470, -70, 475, -62, 480, -53, 480, -47, 479, -36, 484, -25, 499, -19, 501, -6, 513, 0, 512, 13, 512, 25, 511, 31, 515, 41, 527, 45, 526, 51, 518, 55, 514, 56, 500, 59, 507, 61, 493, 63, 495, 65, 495, 69, 500, 69, 506, 69, 515, 69, 512, 70, 503, 71, 509, 73, 518, 76, 511, 77, 509, 79, 501, 79, 489, 85, 471, 92, 457, 97, 449, 106, 408, 114, 347, 116, 347, 117, 355, 116, 364, 112, 395, 110, 404, 106, 413, 104, 415, 101, 410, 99, 449, 99, 469, 99, 453, 99, 448, 99, 448, 99, 451, 99, 440, 100, 436, 100, 432, 100, 434, 
0, 98, 453, 96, 451, 91, 454, 89, 455, 85, 480, 82, 495, 74, 544, 68, 569, 66, 586, 63, 593, 62, 587, 63, 573, 62, 580, 60, 592, 59, 582, 58, 581, 54, 578, 50, 618, 48, 621, 46, 657, 40, 684, 32, 701, 9, 725, -12, 743, -28, 751, -33, 738, -37, 744, -41, 757, -44, 762, -43, 756, -36, 742, -20, 670, -11, 644, 21, 438, 42, 462, 49, 443, 55, 440, 66, 445, 66, 458, 61, 468, 52, 471, 51, 482, 52, 492, 54, 498, 57, 496, 58, 499, 62, 516, 63, 519, 66, 527, 67, 533, 66, 528, 63, 523, 49, 501, 29, 505, 21, 500, 21, 498, 30, 496, 54, 481, 65, 478, 78, 504, 
0, 118, 531, 120, 547, 121, 613, 121, 619, 127, 616, 134, 607, 137, 604, 148, 611, 155, 574, 172, 461, 180, 474, 193, 516, 202, 542, 202, 551, 201, 558, 201, 571, 201, 648, 201, 688, 207, 630, 225, 627, 228, 677, 245, 710, 262, 699, 266, 617, 288, 591, 308, 617, 314, 631, 324, 644, 327, 643, 333, 640, 337, 647, 337, 711, 333, 724, 325, 702, 316, 694, 315, 699, 314, 687, 311, 677, 302, 644, 298, 631, 294, 643, 293, 661, 290, 688, 290, 687, 286, 683, 282, 684, 278, 683, 273, 681, 271, 683, 267, 688, 264, 690, 262, 693, 261, 691, 259, 686, 250, 679, 233, 676, 203, 706, 182, 706, 168, 701, 175, 673, 
0, 239, 643, 245, 663, 247, 679, 245, 695, 243, 711, 235, 731, 231, 732, 235, 725, 243, 728, 250, 733, 261, 740, 273, 748, 288, 753, 305, 750, 313, 748, 328, 744, 335, 741, 337, 739, 337, 736, 334, 736, 331, 735, 324, 735, 320, 735, 312, 733, 308, 733, 301, 733, 294, 732, 291, 732, 287, 732, 285, 731, 281, 731, 280, 731, 276, 731, 274, 730, 270, 730, 266, 730, 265, 729, 263, 729, 261, 728, 260, 728, 260, 728, 258, 727, 257, 727, 257, 727, 254, 727, 253, 728, 251, 727, 250, 727, 248, 727, 246, 726, 245, 726, 245, 726, 244, 726, 243, 726, 243, 725, 243, 726, 243, 725, 243, 725, 242, 725, 241, 724, 
0, 257, 715, 257, 715, 257, 715, 257, 715, 257, 715, 257, 715, 257, 715, 257, 715, 257, 715, 257, 714, 257, 715, 257, 715, 257, 715, 257, 715, 257, 715, 257, 715, 257, 715, 257, 715, 257, 715, 257, 715, 257, 714, 257, 715, 257, 715, 258, 715, 258, 715, 258, 715, 258, 715, 258, 715, 258, 714, 258, 714, 258, 714, 258, 714, 258, 714, 258, 714, 258, 714, 258, 714, 258, 714, 258, 714, 258, 714, 258, 714, 258, 714, 258, 714, 258, 714, 258, 713, 258, 715, 258, 714, 259, 714, 259, 714, 260, 714, 260, 714, 260, 714, 260, 714, 260, 714, 260, 714, 260, 714, 260, 714, 260, 713, 260, 713, 260, 714, 260, 713, 
1, 260, 714, 260, 714, 260, 714, 260, 714, 260, 713, 260, 713, 261, 713, 262, 714, 262, 714, 264, 714, 266, 714, 268, 713, 271, 714, 273, 713, 274, 713, 274, 713, 274, 713, 275, 713, 277, 713, 277, 713, 277, 713, 277, 713, 277, 713, 278, 713, 279, 713, 282, 713, 283, 712, 286, 713, 287, 713, 290, 713, 292, 713, 293, 713, 294, 713, 294, 713, 292, 713, 292, 713, 292, 713, 293, 713, 294, 713, 294, 712, 295, 713, 297, 713, 298, 712, 299, 713, 300, 713, 307, 712, 315, 713, 541, 215, 1082, 81, 2076, 69, 2998, 65, 3347, 65, 3887, 63, 4081, 63, 4364, 63, 4467, 63, 4615, 65, 4668, 66, 4746, 67, 4794, 73, 
0, 4800, 131, 4778, 170, 4094, 532, 3417, 590, 2370, 587, 1983, 587, 1410, 584, 1035, 581, 900, 581, 703, 579, 631, 581, 526, 579, 489, 578, 435, 577, 415, 575, 387, 576, 377, 573, 362, 573, 352, 573, 348, 572, 343, 571, 341, 572, 337, 570, 337, 571, 336, 570, 335, 571, 334, 571, 334, 569, 335, 568, 335, 567, 335, 567, 335, 566, 335, 566, 336, 566, 337, 564, 338, 564, 338, 564, 338, 564, 338, 563, 338, 563, 338, 563, 338, 563, 338, 563, 338, 563, 338, 562, 338, 561, 338, 561, 338, 561, 338, 561, 338, 561, 338, 561, 338, 561, 338, 561, 339, 560, 340, 560, 340, 561, 340, 560, 340, 560, 340, 560, 340, 560, 
0, 341, 559, 342, 559, 342, 559, 343, 559, 345, 559, 346, 559, 348, 559, 349, 560, 349, 560, 350, 560, 351, 559, 352, 559, 354, 559, 355, 559, 355, 559, 355, 559, 355, 559, 355, 559, 355, 559, 355, 559, 356, 559, 356, 559, 357, 560, 357, 559, 357, 559, 357, 560, 357, 560, 357, 559, 357, 559, 357, 559, 357, 559, 357, 559, 357, 559, 357, 559, 357, 559, 357, 559, 357, 559, 357, 559, 357, 559, 357, 558, 357, 558, 358, 559, 358, 559, 358, 559, 357, 559, 357, 558, 358, 559, 359, 558, 359, 558, 359, 558, 359, 558, 360, 557, 360, 557, 360, 557, 360, 557, 360, 557, 361, 557, 361, 557, 361, 557, 361, 557, 
1, 361, 557, 361, 557, 361, 557, 361, 557, 361, 557, 361, 557, 362, 557, 362, 557, 362, 557, 362, 557, 362, 557, 362, 557, 362, 557, 362, 557, 362, 557, 362, 557, 362, 558, 362, 557, 362, 557, 362, 557, 363, 557, 363, 557, 364, 557, 365, 556, 368, 557, 370, 556, 371, 556, 373, 556, 374, 556, 375, 556, 376, 555, 376, 555, 376, 556, 376, 556, 376, 556, 375, 556, 375, 556, 375, 556, 375, 555, 375, 555, 375, 555, 375, 555, 375, 555, 377, 555, 381, 555, 412, 555, 739, 111, 2145, 66, 3236, 62, 3944, 61, 4196, 61, 4400, 61, 4695, 62, 4880, 63, 4946, 63, 5036, 63, 5063, 63, 5089, 63, 5099, 63, 5114, 63, 
0, 5161, 60, 5169, 59, 5175, 59, 5178, 59, 5181, 58, 5184, 59, 5184, 59, 5184, 60, 5185, 61, 5184, 65, 5173, 75, 5158, 86, 5105, 134, 4859, 259, 4175, 416, 2920, 596, 2045, 591, 1465, 589, 1255, 587, 947, 585, 744, 583, 671, 583, 524, 583, 492, 581, 445, 580, 414, 581, 394, 579, 380, 579, 371, 579, 368, 579, 362, 579, 356, 579, 351, 579, 350, 578, 347, 578, 346, 577, 344, 577, 342, 576, 342, 576, 341, 573, 341, 574, 340, 573, 339, 573, 339, 573, 339, 573, 339, 572, 339, 571, 339, 572, 339, 573, 339, 572, 339, 574, 339, 573, 339, 573, 339, 573, 339, 574, 339, 573, 339, 572, 339, 572, 339, 572, 339, 571, 
0, 339, 572, 339, 572, 339, 570, 339, 571, 339, 571, 339, 571, 339, 570, 339, 570, 339, 569, 339, 568, 339, 568, 339, 568, 339, 568, 339, 568, 339, 568, 339, 568, 339, 569, 339, 568, 339, 567, 339, 567, 339, 567, 339, 567, 339, 567, 339, 567, 339, 567, 339, 567, 339, 567, 340, 567, 340, 567, 340, 567, 340, 567, 341, 567, 342, 567, 342, 567, 342, 567, 342, 567, 342, 567, 342, 567, 341, 567, 341, 567, 340, 567, 340, 568, 340, 567, 340, 567, 340, 567, 340, 567, 340, 567, 342, 567, 346, 566, 348, 566, 352, 566, 354, 568, 355, 566, 357, 566, 357, 566, 358, 565, 359, 565, 359, 565, 359, 565, 359, 565, 
0, 365, 564, 367, 565, 369, 565, 370, 564, 372, 564, 373, 565, 375, 565, 375, 566, 375, 566, 375, 565, 374, 565, 373, 565, 372, 564, 372, 564, 370, 564, 368, 564, 368, 563, 366, 564, 366, 564, 364, 564, 364, 564, 365, 565, 366, 564, 366, 565, 367, 564, 367, 564, 367, 564, 367, 563, 368, 563, 368, 564, 369, 563, 368, 563, 368, 563, 369, 564, 370, 564, 372, 563, 372, 563, 373, 563, 375, 563, 375, 563, 376, 564, 376, 563, 376, 563, 377, 563, 377, 563, 378, 563, 379, 563, 380, 564, 381, 564, 383, 564, 386, 564, 386, 564, 388, 564, 388, 564, 387, 564, 386, 563, 385, 563, 384, 563, 383, 564, 382, 563, 
1, 380, 563, 379, 563, 379, 564, 379, 563, 379, 563, 379, 563, 379, 563, 378, 564, 378, 563, 378, 563, 377, 564, 377, 563, 377, 563, 376, 563, 376, 563, 376, 563, 376, 563, 376, 563, 376, 563, 377, 563, 377, 563, 377, 563, 378, 563, 379, 563, 383, 563, 385, 563, 390, 563, 392, 562, 395, 563, 396, 564, 398, 563, 399, 563, 399, 563, 400, 563, 401, 563, 402, 564, 404, 563, 408, 564, 417, 563, 431, 563, 1030, 92, 1611, 74, 2755, 61, 3208, 58, 3880, 55, 4124, 54, 4483, 51, 4616, 51, 4809, 49, 4929, 47, 4973, 47, 5039, 45, 5064, 45, 5098, 44, 5111, 44, 5132, 44, 5148, 45, 5154, 45, 5163, 45, 5170, 45, 
0, 5179, 49, 5177, 52, 5167, 56, 5162, 59, 5144, 67, 5121, 95, 5046, 299, 3476, 585, 2876, 582, 1990, 582, 1411, 577, 1034, 576, 899, 574, 704, 574, 577, 570, 493, 570, 463, 569, 420, 569, 391, 571, 373, 570, 366, 569, 357, 569, 351, 566, 347, 566, 346, 567, 345, 566, 344, 566, 342, 566, 342, 566, 342, 565, 342, 564, 342, 563, 342, 562, 342, 561, 342, 562, 342, 561, 342, 561, 342, 562, 342, 561, 342, 560, 342, 560, 341, 560, 341, 559, 341, 559, 342, 559, 342, 559, 342, 559, 342, 560, 342, 559, 343, 559, 343, 559, 343, 558, 343, 558, 344, 558, 344, 558, 345, 557, 343, 557, 343, 558, 345, 557, 345, 557, 
1, 347, 556, 348, 556, 349, 557, 349, 556, 351, 555, 352, 555, 352, 554, 353, 555, 353, 555, 354, 555, 354, 555, 354, 555, 354, 555, 355, 556, 355, 555, 356, 555, 357, 554, 358, 555, 359, 555, 363, 555, 364, 555, 369, 554, 374, 554, 378, 554, 387, 554, 398, 553, 405, 553, 424, 554, 441, 554, 561, 479, 818, 192, 1560, 111, 1940, 98, 2599, 79, 3140, 67, 3404, 63, 3850, 57, 4043, 55, 4332, 53, 4438, 52, 4551, 51, 4657, 50, 4724, 51, 4811, 51, 4879, 55, 4903, 58, 4935, 69, 4935, 100, 4701, 210, 3309, 592, 2752, 583, 1919, 575, 1616, 573, 1173, 573, 1013, 573, 778, 573, 694, 572, 573, 571, 529, 571, 466, 568, 
0, 375, 568, 366, 564, 364, 565, 360, 565, 359, 565, 357, 565, 357, 564, 357, 563, 357, 562, 357, 563, 357, 562, 357, 562, 357, 562, 357, 561, 357, 562, 357, 561, 357, 560, 357, 560, 357, 559, 358, 561, 358, 561, 358, 560, 358, 560, 358, 561, 359, 559, 359, 558, 359, 558, 360, 558, 361, 558, 362, 558, 362, 558, 363, 559, 365, 558, 365, 558, 366, 557, 367, 557, 368, 557, 370, 557, 372, 556, 372, 557, 373, 557, 373, 556, 375, 556, 375, 556, 376, 556, 377, 556, 377, 556, 377, 556, 377, 556, 377, 556, 377, 556, 377, 556, 377, 556, 377, 556, 377, 556, 377, 556, 377, 555, 377, 555, 377, 555, 378, 556, 
1, 378, 555, 378, 554, 378, 554, 378, 555, 378, 555, 378, 555, 378, 555, 379, 554, 379, 554, 379, 554, 379, 554, 380, 554, 381, 553, 382, 554, 383, 553, 387, 553, 388, 553, 390, 553, 393, 552, 395, 552, 397, 552, 402, 552, 407, 552, 410, 552, 415, 552, 423, 552, 426, 552, 435, 552, 451, 552, 469, 552, 851, 160, 1188, 134, 1928, 97, 2933, 84, 3308, 81, 3866, 71, 4075, 67, 4421, 59, 4557, 58, 4769, 55, 4918, 51, 4973, 50, 5057, 49, 5088, 49, 5134, 50, 5149, 50, 5171, 53, 5178, 55, 5185, 59, 5185, 65, 5180, 76, 5174, 108, 5125, 206, 4825, 499, 3337, 584, 2313, 579, 1633, 575, 1386, 573, 1025, 572, 791, 572, 
0, 417, 571, 396, 571, 383, 571, 379, 572, 372, 570, 368, 569, 366, 570, 365, 569, 363, 569, 362, 569, 362, 569, 362, 570, 362, 569, 361, 568, 360, 567, 361, 566, 361, 567, 361, 566, 361, 566, 361, 566, 361, 565, 361, 566, 361, 565, 361, 565, 361, 564, 361, 564, 361, 564, 361, 564, 361, 565, 361, 564, 361, 565, 361, 564, 361, 564, 360, 564, 360, 564, 360, 564, 360, 564, 361, 564, 361, 564, 361, 564, 361, 564, 361, 564, 361, 563, 361, 564, 361, 563, 361, 563, 361, 562, 362, 563, 362, 563, 363, 562, 364, 562, 365, 562, 365, 562, 367, 561, 367, 561, 367, 561, 367, 561, 367, 561, 368, 560, 370, 561, 
1, 373, 560, 373, 560, 373, 561, 373, 561, 373, 560, 373, 559, 373, 560, 374, 560, 374, 560, 374, 560, 374, 560, 375, 560, 376, 559, 376, 560, 376, 559, 376, 559, 376, 560, 376, 559, 377, 559, 377, 559, 379, 559, 385, 559, 389, 559, 392, 559, 399, 559, 403, 559, 410, 559, 415, 558, 427, 558, 452, 559, 481, 559, 1014, 123, 1470, 101, 2426, 79, 2864, 72, 3562, 64, 4054, 59, 4407, 54, 4660, 51, 4825, 49, 4884, 49, 4973, 49, 5004, 48, 5051, 48, 5069, 48, 5097, 48, 5117, 49, 5125, 51, 5130, 54, 5132, 56, 5131, 60, 5125, 63, 5115, 69, 5099, 81, 5073, 111, 5013, 167, 4861, 321, 4124, 569, 2884, 569, 2033, 570, 
0, 682, 565, 579, 564, 541, 563, 484, 562, 446, 562, 421, 561, 412, 563, 398, 563, 388, 560, 380, 561, 374, 560, 372, 559, 368, 558, 367, 559, 365, 558, 363, 558, 363, 557, 363, 557, 363, 558, 362, 557, 362, 558, 362, 557, 362, 557, 362, 557, 362, 557, 362, 557, 362, 556, 362, 556, 362, 554, 362, 554, 362, 554, 362, 555, 362, 555, 362, 554, 362, 554, 362, 555, 362, 555, 362, 554, 363, 554, 363, 554, 364, 553, 364, 553, 364, 553, 364, 551, 364, 552, 364, 551, 364, 551, 365, 552, 366, 552, 366, 552, 367, 550, 367, 550, 367, 550, 367, 550, 368, 550, 368, 549, 369, 549, 370, 549, 370, 549, 371, 550, 
0, 372, 550, 373, 550, 374, 550, 375, 550, 375, 549, 375, 549, 375, 549, 375, 550, 375, 550, 376, 549, 376, 549, 376, 549, 376, 548, 376, 548, 377, 548, 378, 548, 378, 549, 378, 549, 378, 549, 378, 548, 378, 548, 379, 548, 379, 548, 379, 547, 379, 547, 379, 547, 379, 547, 379, 547, 379, 546, 379, 547, 379, 546, 379, 546, 379, 546, 379, 546, 379, 546, 379, 545, 379, 546, 379, 547, 379, 546, 379, 546, 379, 546, 380, 546, 381, 545, 381, 546, 381, 545, 381, 545, 382, 545, 382, 545, 382, 545, 382, 545, 382, 545, 382, 545, 381, 545, 381, 545, 381, 545, 381, 545, 381, 545, 381, 546, 381, 545, 381, 545, 
0, 381, 545, 382, 545, 382, 545, 384, 544, 386, 544, 388, 544, 389, 544, 390, 545, 391, 544, 393, 544, 395, 544, 395, 544, 394, 544, 395, 543, 395, 543, 396, 543, 396, 543, 396, 543, 396, 543, 396, 543, 396, 543, 396, 543, 396, 543, 395, 543, 393, 542, 392, 543, 391, 542, 391, 542, 391, 542, 391, 542, 391, 542, 391, 542, 390, 542, 389, 542, 389, 542, 389, 542, 389, 542, 390, 542, 390, 543, 391, 542, 392, 542, 392, 542, 392, 542, 393, 542, 393, 542, 393, 542, 394, 542, 394, 542, 394, 542, 395, 542, 395, 542, 395, 542, 396, 542, 396, 542, 396, 542, 395, 542, 395, 542, 395, 542, 394, 542, 393, 542, 
1, 392, 542, 392, 542, 393, 542, 393, 543, 394, 542, 394, 542, 394, 542, 394, 542, 394, 542, 396, 542, 396, 542, 396, 542, 396, 542, 396, 542, 396, 541, 396, 542, 397, 542, 397, 542, 397, 541, 398, 542, 398, 542, 399, 542, 402, 543, 405, 542, 407, 542, 411, 542, 415, 542, 420, 541, 426, 541, 430, 541, 439, 541, 459, 541, 638, 208, 1733, 96, 2859, 71, 3289, 65, 3941, 58, 4382, 55, 4671, 52, 4858, 51, 4925, 49, 5026, 46, 5094, 44, 5141, 42, 5157, 41, 5180, 41, 5189, 42, 5196, 43, 5204, 47, 5205, 51, 5198, 63, 5176, 96, 5143, 133, 4214, 295, 2951, 567, 2459, 562, 1727, 561, 1246, 558, 933, 556, 822, 557, 
0, 412, 549, 394, 548, 388, 549, 379, 548, 373, 548, 372, 547, 371, 547, 371, 548, 371, 548, 371, 547, 372, 547, 372, 547, 373, 547, 373, 547, 374, 546, 374, 545, 374, 546, 374, 545, 375, 545, 375, 545, 375, 544, 375, 542, 375, 543, 375, 542, 375, 541, 375, 541, 374, 543, 374, 540, 374, 540, 374, 539, 374, 539, 373, 538, 373, 538, 373, 539, 373, 540, 373, 539, 373, 539, 373, 539, 373, 540, 373, 539, 374, 539, 373, 540, 372, 539, 372, 539, 372, 541, 372, 541, 372, 541, 372, 540, 372, 540, 372, 541, 371, 541, 371, 541, 371, 541, 372, 540, 372, 539, 371, 539, 371, 539, 371, 539, 371, 539, 370, 539, 
0, 370, 535, 371, 536, 370, 535, 370, 535, 371, 535, 372, 535, 371, 535, 371, 535, 372, 535, 371, 535, 371, 535, 372, 535, 372, 534, 373, 534, 373, 534, 372, 533, 372, 534, 373, 534, 373, 535, 374, 534, 375, 534, 376, 535, 376, 534, 376, 534, 376, 534, 376, 534, 376, 534, 376, 534, 376, 534, 376, 533, 376, 534, 376, 534, 376, 534, 376, 533, 377, 533, 377, 533, 377, 533, 377, 533, 377, 533, 377, 533, 377, 533, 377, 533, 377, 532, 377, 532, 377, 532, 378, 532, 378, 532, 378, 532, 379, 532, 379, 532, 380, 532, 380, 532, 380, 532, 381, 532, 383, 532, 385, 533, 387, 533, 389, 532, 391, 532, 392, 533, 
0, 405, 533, 408, 533, 411, 534, 413, 533, 415, 534, 416, 534, 418, 533, 418, 533, 420, 533, 420, 533, 421, 533, 422, 533, 423, 534, 425, 534, 425, 535, 426, 535, 425, 535, 424, 535, 423, 535, 423, 535, 423, 535, 423, 535, 423, 535, 422, 535, 422, 534, 422, 534, 422, 534, 421, 534, 421, 535, 421, 534, 421, 534, 420, 533, 419, 534, 419, 534, 419, 533, 419, 533, 419, 533, 418, 534, 418, 533, 418, 534, 418, 533, 418, 533, 418, 533, 418, 532, 418, 532, 418, 532, 418, 532, 418, 533, 418, 533, 418, 533, 418, 533, 418, 533, 418, 533, 418, 533, 418, 533, 418, 533, 418, 533, 417, 532, 417, 532, 417, 533, 
1, 416, 533, 416, 532, 416, 533, 414, 532, 413, 532, 411, 532, 409, 532, 409, 532, 409, 532, 407, 532, 405, 532, 405, 531, 404, 531, 404, 532, 404, 532, 404, 532, 404, 531, 404, 531, 405, 532, 407, 532, 410, 531, 412, 531, 414, 531, 417, 532, 418, 532, 421, 532, 424, 531, 428, 532, 430, 531, 434, 531, 439, 531, 443, 531, 455, 532, 467, 531, 662, 186, 1226, 111, 2388, 76, 3333, 67, 3689, 64, 4212, 59, 4403, 59, 4679, 56, 4777, 55, 4918, 52, 5010, 51, 5045, 50, 5096, 52, 5113, 52, 5136, 55, 5142, 57, 5145, 65, 5143, 73, 5110, 106, 4984, 175, 4851, 235, 3458, 560, 2883, 554, 2025, 551, 1712, 550, 1254, 548, 
0, 518, 543, 476, 543, 461, 541, 440, 542, 427, 541, 420, 539, 416, 540, 412, 539, 410, 539, 407, 538, 405, 537, 402, 537, 400, 536, 400, 535, 399, 535, 397, 536, 396, 535, 394, 535, 392, 534, 391, 535, 389, 534, 387, 534, 386, 532, 385, 532, 384, 533, 383, 533, 382, 532, 382, 531, 382, 532, 381, 532, 381, 531, 382, 531, 382, 531, 384, 530, 384, 530, 385, 532, 386, 531, 386, 531, 386, 531, 385, 531, 386, 531, 386, 531, 386, 530, 386, 530, 386, 530, 388, 529, 388, 529, 390, 529, 391, 530, 393, 528, 394, 529, 395, 529, 395, 529, 396, 529, 398, 529, 399, 529, 400, 529, 403, 528, 406, 528, 407, 529, 
0, 417, 528, 419, 528, 421, 527, 423, 527, 423, 527, 424, 527, 425, 527, 426, 527, 428, 527, 430, 527, 432, 527, 433, 527, 435, 526, 436, 526, 438, 526, 439, 526, 440, 525, 442, 525, 445, 525, 446, 525, 447, 525, 447, 525, 448, 525, 450, 525, 451, 525, 453, 525, 453, 525, 453, 525, 452, 525, 453, 525, 453, 525, 451, 524, 450, 524, 450, 524, 448, 524, 447, 524, 445, 524, 444, 524, 442, 524, 441, 525, 440, 524, 439, 524, 439, 525, 438, 524, 437, 525, 436, 524, 435, 525, 434, 525, 433, 524, 431, 524, 430, 524, 429, 524, 429, 524, 429, 524, 429, 524, 429, 524, 429, 524, 428, 524, 428, 524, 428, 524, 
0, 429, 523, 428, 524, 428, 524, 429, 524, 429, 524, 429, 524, 429, 524, 429, 524, 430, 524, 430, 524, 431, 524, 431, 524, 432, 523, 432, 523, 431, 523, 431, 523, 431, 523, 430, 524, 430, 524, 431, 524, 431, 524, 431, 524, 430, 524, 431, 523, 431, 523, 432, 523, 433, 523, 433, 524, 434, 524, 433, 523, 432, 523, 431, 523, 431, 523, 431, 523, 431, 523, 431, 523, 432, 523, 433, 523, 433, 523, 435, 522, 435, 522, 435, 522, 434, 522, 434, 522, 434, 522, 434, 522, 433, 522, 433, 522, 432, 522, 432, 522, 432, 522, 432, 522, 431, 522, 430, 522, 430, 521, 431, 522, 431, 522, 430, 522, 430, 522, 429, 521, 
1, 427, 521, 427, 521, 427, 521, 427, 521, 427, 520, 427, 520, 427, 521, 428, 521, 429, 520, 429, 520, 430, 520, 431, 520, 432, 520, 432, 521, 433, 521, 433, 521, 433, 520, 434, 520, 436, 519, 436, 520, 437, 520, 440, 520, 443, 520, 448, 520, 450, 520, 455, 520, 458, 520, 462, 520, 465, 520, 465, 520, 469, 520, 474, 520, 479, 520, 511, 520, 724, 169, 1671, 79, 2260, 69, 3224, 64, 3569, 63, 4073, 57, 4266, 55, 4543, 53, 4650, 52, 4817, 50, 4935, 49, 4979, 49, 5041, 50, 5064, 51, 5097, 54, 5109, 56, 5125, 65, 5124, 72, 5084, 99, 4957, 156, 4603, 201, 3406, 532, 2395, 552, 2014, 551, 1703, 549, 1244, 549, 
0, 519, 544, 482, 544, 460, 543, 454, 543, 448, 542, 440, 541, 434, 543, 430, 544, 426, 542, 424, 543, 423, 545, 422, 546, 422, 545, 425, 545, 428, 545, 431, 545, 433, 544, 434, 544, 435, 543, 435, 543, 433, 542, 432, 542, 430, 541, 429, 541, 427, 542, 425, 542, 423, 542, 422, 542, 421, 542, 419, 542, 418, 541, 418, 542, 417, 542, 417, 542, 417, 542, 417, 543, 417, 542, 417, 541, 417, 541, 417, 541, 417, 541, 417, 541, 416, 540, 415, 541, 413, 540, 413, 541, 411, 540, 411, 540, 410, 540, 410, 540, 409, 540, 409, 540, 408, 540, 408, 540, 407, 540, 406, 539, 405, 540, 404, 539, 404, 539, 404, 539, 
1, 401, 538, 401, 538, 401, 538, 400, 538, 400, 538, 400, 538, 400, 538, 400, 537, 400, 537, 400, 537, 400, 537, 400, 537, 399, 537, 399, 537, 399, 537, 399, 537, 399, 537, 399, 537, 400, 537, 400, 537, 400, 536, 400, 536, 400, 536, 402, 536, 404, 536, 408, 536, 410, 536, 418, 536, 422, 536, 429, 535, 432, 535, 437, 536, 443, 535, 446, 535, 451, 535, 455, 535, 467, 535, 480, 535, 854, 131, 2048, 84, 2593, 74, 3448, 64, 4031, 60, 4245, 59, 4559, 57, 4673, 56, 4844, 54, 4907, 53, 5005, 48, 5041, 47, 5096, 44, 5133, 43, 5147, 42, 5170, 43, 5180, 42, 5194, 44, 5199, 45, 5205, 48, 5206, 49, 5202, 59, 
0, 3729, 467, 2617, 560, 2194, 559, 1563, 558, 1333, 557, 996, 555, 775, 554, 632, 553, 540, 553, 507, 551, 460, 551, 430, 552, 411, 551, 399, 550, 391, 549, 388, 550, 384, 548, 382, 547, 381, 547, 381, 546, 380, 546, 380, 545, 380, 545, 380, 544, 380, 543, 381, 544, 381, 543, 381, 543, 381, 543, 381, 542, 381, 543, 380, 542, 379, 542, 379, 540, 377, 542, 376, 542, 375, 542, 374, 542, 371, 541, 370, 540, 367, 540, 366, 540, 364, 540, 363, 539, 362, 538, 362, 539, 361, 538, 361, 538, 361, 539, 361, 539, 361, 538, 361, 538, 360, 539, 360, 539, 359, 538, 359, 538, 359, 537, 358, 538, 358, 538, 358, 537, 
0, 363, 531, 362, 533, 361, 533, 361, 533, 361, 533, 361, 532, 361, 532, 361, 532, 361, 532, 361, 533, 361, 532, 361, 532, 361, 532, 361, 532, 361, 532, 361, 532, 361, 532, 361, 532, 361, 532, 361, 532, 361, 532, 361, 532, 361, 532, 361, 531, 361, 531, 361, 531, 361, 531, 361, 531, 361, 531, 361, 531, 361, 532, 361, 531, 361, 531, 361, 531, 361, 531, 361, 530, 361, 530, 361, 530, 361, 530, 361, 530, 361, 530, 361, 530, 361, 530, 361, 530, 361, 530, 361, 530, 361, 530, 361, 530, 360, 530, 360, 531, 360, 531, 360, 530, 360, 530, 360, 530, 360, 530, 360, 531, 360, 530, 360, 530, 360, 531, 360, 530, 
0, 360, 531, 360, 531, 360, 530, 360, 530, 361, 531, 361, 530, 361, 530, 361, 530, 361, 530, 361, 530, 361, 530, 361, 530, 360, 531, 360, 530, 360, 530, 360, 531, 360, 530, 360, 529, 360, 530, 360, 530, 359, 529, 359, 529, 359, 529, 359, 530, 359, 530, 359, 529, 359, 529, 359, 529, 359, 528, 359, 529, 359, 530, 359, 529, 359, 529, 359, 529, 359, 529, 359, 528, 359, 528, 359, 529, 359, 528, 359, 528, 359, 528, 359, 528, 359, 528, 359, 528, 359, 528, 359, 528, 359, 529, 359, 528, 359, 528, 358, 528, 358, 528, 358, 528, 358, 528, 358, 528, 358, 528, 358, 528, 358, 528, 358, 528, 358, 527, 358, 528, 
0, 358, 528, 358, 528, 360, 540, 364, 545, 374, 561, 376, 565, 377, 567, 374, 578, 372, 576, 369, 574, 370, 572, 367, 570, 366, 568, 364, 569, 364, 573, 363, 577, 361, 580, 360, 575, 357, 577, 354, 580, 351, 581, 350, 582, 344, 594, 332, 602, 325, 594, 310, 582, 299, 578, 296, 559, 306, 532, 316, 527, 311, 510, 253, 513, 179, 470, 146, 453, 91, 527, 51, 578, 25, 569, 4, 645, -7, 625, -9, 627, -12, 644, -16, 676, -22, 673, -26, 657, -30, 689, -34, 687, -40, 681, -46, 678, -51, 676, -55, 675, -62, 674, -65, 671, -69, 666, -72, 666, -75, 666, -78, 663, -79, 657, -81, 653, -82, 646, -83, 647, 
0, -86, 653, -89, 663, -90, 666, -89, 667, -84, 664, -72, 664, -65, 662, -51, 654, -47, 652, -42, 647, -40, 645, -38, 641, -37, 638, -37, 639, -37, 634, -37, 629, -32, 607, -27, 609, -21, 620, -16, 621, -2, 607, 6, 603, 22, 608, 33, 611, 47, 609, 51, 602, 57, 600, 59, 597, 60, 596, 61, 590, 63, 584, 73, 579, 78, 581, 85, 588, 87, 586, 83, 590, 78, 593, 61, 610, 39, 612, 27, 609, 3, 595, -8, 591, -27, 591, -33, 592, -42, 594, -47, 594, -48, 599, -49, 614, -49, 622, -46, 626, -43, 629, -35, 640, -30, 632, -16, 621, -3, 617, 2, 616, 14, 616, 22, 623, 25, 623, 34, 628, 
0, 128, 579, 150, 568, 170, 561, 178, 561, 188, 560, 195, 565, 202, 564, 204, 562, 208, 558, 213, 554, 208, 558, 202, 557, 202, 561, 201, 564, 196, 578, 184, 582, 161, 587, 126, 588, 89, 595, 72, 599, 46, 602, 36, 598, 19, 589, 15, 584, 13, 586, 12, 581, 6, 575, 2, 635, 0, 680, -9, 686, 18, 696, 62, 626, 89, 608, 146, 646, 181, 659, 180, 659, 165, 658, 149, 658, 133, 662, 126, 660, 111, 661, 104, 662, 88, 662, 81, 664, 67, 663, 56, 665, 53, 663, 46, 659, 41, 655, 33, 656, 30, 655, 24, 655, 23, 661, 22, 666, 20, 662, 20, 657, 20, 648, 22, 644, 28, 637, 31, 637, 
0, 24, 638, 37, 640, 44, 639, 52, 638, 53, 630, 51, 622, 47, 623, 43, 627, 35, 629, 31, 629, 20, 629, 14, 630, 3, 629, -2, 634, -2, 633, -1, 634, 0, 635, 0, 633, 0, 631, 0, 630, 0, 631, 0, 630, 0, 629, 0, 629, -1, 629, -2, 629, -6, 628, -8, 628, -11, 627, -14, 627, -15, 627, -17, 627, -18, 627, -18, 627, -22, 627, -24, 627, -28, 627, -30, 626, -31, 627, -33, 626, -34, 626, -34, 626, -36, 625, -36, 625, -37, 625, -37, 625, -37, 625, -37, 625, -38, 625, -39, 624, -40, 624, -41, 625, -42, 625, -44, 626, -44, 626, -46, 626, -46, 625, -47, 625, -48, 625, -49, 625, 
