0, -15, 650, -15, 651, -15, 650, -15, 651, -15, 650, -15, 651, -15, 651, -15, 650, -15, 650, -15, 650, -14, 651, -14, 650, -13, 650, -13, 650, -13, 650, -12, 650, -12, 650, -12, 651, -10, 650, -9, 650, -7, 650, -6, 650, -5, 650, -4, 651, -3, 650, -2, 650, -2, 650, -1, 650, -1, 650, 0, 651, 0, 651, 0, 650, 0, 651, 0, 651, 0, 651, 0, 650, 0, 651, 0, 651, 0, 653, 0, 653, 0, 652, 0, 653, 0, 653, 0, 655, 0, 652, 0, 651, 0, 656, 0, 652, 0, 652, 4, 647, 10, 647, 13, 650, 17, 645, 19, 650, 22, 646, 23, 649, 22, 643, 18, 629, 15, 626, 10, 619, 
0, 18, 634, 22, 636, 28, 640, 30, 643, 31, 645, 28, 649, 27, 652, 24, 656, 22, 666, 21, 664, 16, 665, 11, 656, 9, 652, 6, 644, 4, 637, 2, 637, 1, 636, 0, 644, -1, 647, -1, 643, 0, 631, 0, 628, 0, 618, 0, 615, 0, 648, 0, 668, 0, 680, 0, 714, 1, 729, 3, 707, 6, 692, 11, 708, 13, 718, 13, 732, 13, 729, 15, 714, 17, 701, 17, 702, 17, 715, 17, 719, 16, 721, 16, 721, 16, 703, 17, 701, 18, 729, 18, 723, 19, 712, 22, 669, 24, 657, 29, 627, 30, 599, 33, 531, 34, 506, 35, 485, 34, 503, 29, 583, 21, 676, 15, 708, -8, 703, -19, 691, 
0, -22, 685, -17, 687, -10, 680, -9, 696, -12, 696, -15, 699, -23, 730, -35, 748, -43, 764, -54, 781, -54, 747, -44, 705, -39, 699, -28, 680, -16, 677, -10, 680, 1, 673, 5, 662, 11, 646, 12, 647, 18, 634, 24, 701, 25, 701, 29, 689, 31, 687, 33, 651, 31, 591, 29, 605, 22, 619, 20, 635, 19, 695, 17, 701, 21, 699, 29, 689, 33, 684, 36, 695, 37, 696, 38, 689, 34, 696, 30, 695, 26, 689, 29, 689, 40, 683, 60, 692, 73, 675, 114, 663, 153, 655, 175, 697, 184, 675, 191, 686, 200, 671, 207, 671, 204, 679, 184, 686, 157, 675, 130, 638, 109, 591, 101, 572, 89, 531, 83, 514, 
0, 45, 676, 40, 654, 36, 646, 33, 622, 30, 621, 17, 631, 4, 645, 0, 655, -1, 671, 0, 680, 4, 696, 9, 710, 12, 706, 21, 712, 24, 710, 34, 732, 45, 746, 103, 699, 123, 706, 148, 716, 158, 719, 158, 720, 151, 727, 148, 719, 144, 725, 143, 721, 140, 720, 140, 721, 140, 714, 140, 715, 140, 708, 140, 701, 140, 706, 142, 679, 141, 675, 141, 667, 142, 662, 142, 660, 143, 657, 143, 654, 143, 656, 144, 658, 145, 655, 144, 636, 143, 633, 141, 629, 145, 539, 148, 475, 156, 489, 159, 509, 157, 504, 146, 484, 141, 494, 136, 496, 136, 552, 143, 588, 149, 630, 159, 648, 167, 652, 178, 656, 
0, 285, 627, 286, 627, 286, 627, 286, 627, 286, 626, 288, 627, 289, 626, 291, 627, 293, 627, 295, 626, 296, 626, 297, 626, 297, 626, 299, 626, 299, 626, 299, 626, 300, 626, 300, 626, 302, 626, 302, 626, 303, 626, 303, 625, 303, 626, 304, 626, 305, 625, 307, 625, 307, 626, 308, 625, 310, 625, 312, 625, 313, 625, 314, 625, 314, 625, 314, 625, 315, 625, 315, 625, 316, 625, 316, 625, 316, 625, 316, 625, 316, 626, 317, 625, 319, 625, 319, 625, 319, 625, 319, 625, 319, 625, 320, 625, 320, 625, 320, 625, 320, 625, 320, 624, 320, 625, 320, 624, 321, 624, 321, 624, 321, 624, 321, 624, 322, 624, 322, 624, 
0, 323, 624, 324, 624, 326, 624, 327, 624, 327, 625, 328, 624, 329, 624, 329, 624, 330, 624, 330, 624, 331, 624, 330, 624, 330, 624, 328, 624, 327, 624, 325, 624, 324, 624, 322, 623, 321, 623, 321, 623, 320, 624, 320, 623, 320, 623, 321, 624, 321, 624, 321, 624, 321, 623, 321, 623, 321, 623, 321, 623, 321, 622, 321, 623, 321, 623, 320, 622, 320, 622, 320, 622, 320, 622, 320, 623, 320, 622, 320, 622, 320, 623, 321, 623, 322, 622, 322, 622, 323, 622, 324, 623, 324, 623, 325, 622, 325, 623, 327, 622, 329, 623, 331, 622, 333, 623, 334, 623, 336, 623, 336, 623, 337, 623, 338, 622, 338, 623, 338, 622, 
0, 340, 623, 340, 623, 340, 622, 340, 622, 341, 623, 341, 622, 341, 622, 341, 623, 341, 623, 341, 623, 341, 622, 341, 623, 340, 622, 340, 622, 340, 622, 339, 622, 337, 622, 336, 623, 335, 622, 333, 622, 330, 622, 328, 622, 327, 623, 325, 622, 324, 622, 324, 622, 322, 622, 321, 622, 321, 622, 321, 622, 321, 622, 320, 622, 318, 622, 316, 622, 313, 622, 311, 622, 310, 622, 310, 622, 312, 621, 313, 621, 313, 621, 315, 622, 316, 621, 316, 621, 317, 621, 317, 621, 317, 621, 317, 621, 317, 621, 318, 621, 318, 621, 318, 621, 319, 621, 319, 622, 319, 621, 319, 621, 319, 621, 319, 622, 319, 621, 319, 621, 
1, 320, 621, 320, 621, 320, 621, 320, 621, 320, 621, 321, 621, 321, 621, 321, 621, 321, 621, 321, 621, 321, 621, 321, 621, 321, 621, 322, 620, 323, 621, 324, 620, 328, 621, 330, 620, 333, 620, 336, 620, 340, 620, 348, 620, 354, 620, 374, 620, 392, 620, 445, 620, 475, 620, 500, 620, 494, 620, 462, 620, 424, 620, 407, 620, 376, 620, 364, 620, 343, 621, 335, 620, 323, 620, 319, 620, 324, 620, 361, 447, 2220, 48, 3455, 53, 3888, 58, 4500, 73, 4712, 91, 4887, 209, 4141, 534, 2875, 546, 2400, 542, 1691, 541, 1432, 540, 1051, 538, 802, 535, 713, 536, 583, 534, 537, 534, 469, 533, 445, 533, 409, 532, 396, 532, 
0, 356, 530, 356, 530, 355, 530, 355, 530, 355, 529, 355, 529, 356, 528, 356, 528, 356, 528, 356, 527, 356, 527, 356, 527, 356, 527, 356, 527, 357, 527, 358, 526, 358, 526, 358, 526, 358, 526, 358, 526, 359, 525, 359, 524, 359, 524, 359, 524, 359, 524, 359, 524, 359, 524, 359, 523, 359, 524, 359, 524, 359, 523, 359, 523, 360, 524, 360, 523, 360, 522, 360, 522, 360, 522, 360, 522, 360, 521, 360, 521, 360, 521, 360, 521, 361, 521, 361, 521, 362, 521, 362, 520, 362, 520, 362, 520, 363, 521, 363, 521, 365, 520, 365, 520, 365, 520, 366, 520, 366, 519, 367, 519, 367, 519, 367, 519, 368, 519, 368, 519, 
0, 368, 518, 368, 518, 368, 519, 367, 518, 367, 519, 368, 518, 369, 518, 369, 518, 369, 518, 368, 518, 368, 518, 368, 517, 368, 518, 368, 518, 369, 518, 369, 517, 369, 518, 368, 517, 368, 517, 369, 517, 369, 517, 369, 517, 369, 516, 369, 517, 368, 516, 368, 516, 367, 515, 367, 515, 365, 516, 365, 516, 365, 515, 365, 515, 365, 515, 365, 515, 365, 515, 365, 516, 364, 516, 364, 515, 364, 515, 364, 515, 364, 515, 364, 516, 364, 516, 364, 515, 364, 515, 364, 515, 363, 515, 363, 515, 363, 515, 363, 515, 363, 515, 363, 515, 363, 515, 363, 515, 363, 516, 363, 516, 363, 515, 363, 515, 363, 515, 363, 515, 
0, 364, 515, 364, 515, 364, 515, 364, 515, 364, 515, 364, 515, 364, 515, 364, 515, 363, 515, 363, 516, 363, 515, 362, 515, 362, 515, 362, 515, 361, 515, 361, 515, 361, 515, 361, 515, 361, 515, 361, 515, 361, 515, 361, 515, 361, 515, 361, 515, 362, 515, 362, 515, 362, 515, 362, 515, 362, 514, 362, 514, 362, 514, 362, 514, 362, 514, 362, 514, 362, 514, 362, 514, 362, 514, 362, 514, 362, 514, 362, 514, 362, 514, 362, 514, 363, 514, 363, 514, 363, 513, 363, 513, 363, 513, 363, 514, 363, 513, 363, 513, 363, 513, 362, 513, 362, 513, 362, 513, 362, 513, 362, 513, 361, 513, 361, 513, 361, 513, 361, 513, 
1, 361, 513, 361, 513, 361, 513, 361, 513, 361, 513, 361, 513, 361, 513, 361, 513, 361, 513, 361, 513, 361, 512, 361, 512, 361, 512, 361, 512, 361, 512, 361, 512, 361, 512, 361, 512, 361, 512, 361, 512, 361, 512, 362, 512, 364, 512, 365, 512, 366, 512, 365, 512, 365, 512, 364, 512, 364, 512, 363, 511, 362, 511, 361, 512, 361, 511, 360, 512, 360, 512, 360, 512, 360, 512, 360, 512, 364, 512, 369, 512, 466, 160, 1476, 71, 2943, 75, 3473, 85, 4201, 133, 4446, 185, 3592, 560, 2488, 554, 1745, 551, 1475, 550, 1080, 549, 824, 548, 731, 547, 596, 546, 510, 544, 479, 543, 435, 543, 406, 542, 388, 541, 381, 540, 
0, 357, 537, 356, 537, 356, 537, 356, 536, 356, 536, 356, 536, 356, 536, 356, 536, 356, 536, 356, 535, 356, 535, 356, 536, 356, 536, 356, 536, 357, 535, 357, 535, 357, 534, 357, 534, 357, 534, 357, 534, 357, 534, 357, 533, 357, 534, 357, 533, 357, 534, 357, 533, 357, 533, 357, 533, 357, 532, 357, 532, 357, 532, 357, 532, 357, 532, 357, 532, 357, 531, 357, 531, 357, 531, 358, 531, 358, 531, 357, 531, 357, 530, 357, 530, 357, 531, 357, 531, 357, 531, 357, 531, 357, 531, 357, 531, 357, 531, 357, 531, 357, 531, 357, 531, 357, 531, 357, 531, 357, 531, 357, 531, 357, 531, 357, 530, 357, 531, 357, 531, 
0, 357, 531, 357, 531, 358, 531, 358, 530, 358, 530, 358, 530, 358, 530, 358, 530, 358, 530, 358, 530, 358, 529, 358, 529, 358, 529, 358, 529, 358, 529, 358, 528, 358, 528, 358, 528, 358, 528, 358, 528, 358, 527, 358, 527, 358, 527, 358, 527, 358, 528, 358, 527, 358, 527, 358, 527, 358, 527, 358, 527, 358, 527, 359, 527, 359, 527, 359, 527, 359, 527, 359, 527, 359, 527, 359, 527, 359, 527, 359, 527, 359, 527, 360, 526, 360, 526, 360, 526, 360, 526, 360, 526, 360, 526, 360, 526, 360, 526, 360, 527, 360, 526, 360, 526, 360, 526, 360, 526, 360, 526, 360, 526, 360, 526, 360, 527, 360, 527, 360, 526, 
0, 360, 526, 360, 526, 361, 526, 362, 526, 363, 526, 365, 526, 366, 526, 368, 526, 370, 526, 371, 526, 372, 526, 374, 526, 375, 526, 375, 526, 375, 526, 375, 526, 376, 526, 376, 526, 376, 526, 376, 526, 376, 526, 376, 526, 377, 525, 377, 525, 377, 525, 377, 525, 378, 525, 379, 525, 380, 525, 382, 525, 383, 525, 383, 525, 385, 525, 386, 525, 387, 525, 388, 526, 388, 526, 388, 526, 388, 525, 387, 525, 387, 525, 387, 525, 387, 525, 387, 525, 387, 525, 387, 525, 387, 525, 388, 525, 388, 525, 388, 525, 388, 525, 388, 525, 389, 525, 389, 525, 388, 525, 388, 525, 388, 525, 388, 525, 388, 525, 389, 524, 
1, 390, 524, 390, 524, 390, 524, 390, 524, 389, 524, 389, 525, 388, 524, 388, 524, 387, 524, 388, 524, 388, 524, 388, 524, 389, 524, 391, 524, 392, 524, 394, 524, 394, 524, 395, 524, 396, 524, 398, 524, 404, 524, 407, 524, 412, 524, 413, 524, 410, 524, 407, 524, 397, 524, 392, 524, 382, 524, 373, 524, 369, 524, 364, 524, 362, 524, 359, 524, 355, 524, 354, 524, 352, 524, 352, 523, 353, 524, 358, 524, 366, 523, 1411, 53, 2232, 54, 3427, 70, 4131, 127, 4370, 171, 3690, 562, 3079, 555, 2569, 552, 1807, 547, 1303, 547, 971, 545, 851, 545, 754, 544, 613, 543, 521, 542, 462, 540, 441, 540, 410, 540, 389, 539, 
0, 356, 538, 354, 538, 352, 537, 350, 537, 349, 537, 349, 537, 349, 537, 349, 536, 348, 537, 348, 536, 348, 535, 348, 535, 349, 535, 350, 534, 350, 534, 350, 533, 350, 534, 350, 533, 350, 533, 351, 533, 352, 533, 353, 532, 353, 533, 354, 533, 354, 532, 354, 532, 355, 532, 355, 532, 355, 532, 356, 531, 356, 531, 356, 530, 357, 530, 357, 530, 357, 531, 357, 530, 357, 531, 357, 530, 357, 530, 357, 530, 357, 530, 358, 530, 359, 530, 359, 529, 359, 529, 359, 529, 359, 529, 359, 529, 359, 529, 359, 529, 360, 528, 360, 529, 360, 529, 361, 529, 361, 529, 361, 528, 362, 528, 363, 529, 363, 529, 365, 529, 
1, 367, 529, 369, 529, 370, 529, 370, 529, 370, 528, 371, 529, 372, 528, 373, 529, 373, 528, 373, 529, 373, 528, 374, 528, 374, 528, 375, 528, 375, 528, 376, 528, 376, 528, 376, 528, 376, 528, 376, 528, 377, 527, 377, 527, 377, 527, 377, 527, 377, 527, 377, 527, 377, 527, 377, 527, 376, 527, 375, 527, 372, 527, 370, 527, 368, 527, 368, 527, 372, 527, 378, 527, 927, 60, 1836, 56, 3190, 55, 4062, 70, 4605, 88, 4782, 104, 4579, 247, 3196, 535, 2663, 534, 2225, 531, 1578, 530, 1154, 528, 999, 530, 775, 528, 695, 527, 576, 526, 499, 526, 472, 525, 432, 525, 417, 525, 396, 524, 389, 523, 379, 525, 376, 525, 
0, 363, 522, 363, 522, 363, 522, 363, 521, 364, 521, 364, 520, 363, 521, 363, 521, 364, 520, 364, 521, 365, 521, 366, 520, 367, 520, 367, 519, 369, 520, 369, 519, 369, 519, 369, 519, 369, 519, 369, 519, 369, 520, 370, 519, 370, 519, 371, 519, 371, 519, 371, 519, 372, 518, 373, 517, 373, 517, 373, 517, 374, 517, 374, 517, 374, 516, 374, 516, 374, 517, 375, 516, 375, 516, 375, 515, 375, 516, 376, 515, 376, 515, 377, 515, 377, 515, 377, 515, 377, 514, 378, 514, 378, 514, 378, 514, 378, 514, 378, 514, 378, 514, 378, 514, 378, 513, 378, 513, 378, 513, 378, 513, 378, 514, 378, 513, 378, 513, 378, 513, 
0, 378, 513, 378, 513, 378, 513, 378, 513, 378, 513, 377, 513, 377, 512, 377, 512, 377, 512, 377, 512, 377, 512, 377, 512, 377, 512, 378, 512, 378, 512, 378, 512, 378, 512, 378, 512, 378, 511, 378, 511, 378, 512, 378, 512, 378, 511, 378, 511, 378, 511, 378, 511, 378, 511, 378, 511, 378, 510, 378, 510, 377, 510, 377, 510, 377, 510, 377, 510, 377, 510, 377, 510, 377, 510, 377, 510, 377, 510, 377, 510, 377, 510, 377, 510, 377, 510, 377, 511, 377, 511, 377, 511, 377, 510, 377, 511, 377, 510, 377, 510, 377, 510, 377, 510, 376, 510, 376, 510, 376, 510, 376, 510, 376, 510, 376, 510, 377, 510, 377, 510, 
1, 377, 510, 377, 510, 377, 510, 377, 510, 377, 510, 377, 510, 377, 510, 377, 510, 377, 510, 376, 510, 376, 510, 376, 510, 376, 510, 376, 509, 376, 509, 376, 510, 376, 510, 376, 509, 376, 509, 376, 509, 375, 509, 375, 509, 375, 509, 376, 509, 376, 509, 376, 509, 376, 509, 376, 509, 379, 509, 384, 509, 938, 57, 1727, 68, 2913, 64, 3343, 71, 3967, 103, 4183, 114, 3900, 259, 2784, 535, 2330, 536, 1650, 535, 1201, 533, 906, 532, 715, 531, 646, 530, 546, 529, 509, 529, 455, 527, 422, 528, 410, 528, 392, 525, 385, 526, 376, 526, 369, 526, 367, 526, 365, 527, 362, 526, 362, 525, 361, 525, 360, 524, 360, 523, 
0, 360, 523, 360, 522, 360, 523, 360, 522, 360, 522, 360, 522, 360, 522, 360, 521, 360, 520, 360, 520, 360, 520, 360, 520, 360, 520, 360, 520, 359, 520, 359, 519, 359, 519, 359, 519, 359, 519, 359, 519, 359, 519, 359, 519, 359, 519, 359, 518, 359, 519, 359, 519, 359, 519, 359, 519, 359, 519, 359, 519, 359, 518, 359, 518, 359, 518, 359, 518, 359, 517, 359, 518, 359, 518, 359, 518, 359, 518, 359, 518, 359, 519, 359, 518, 359, 518, 359, 518, 359, 517, 359, 518, 359, 517, 359, 518, 359, 517, 359, 517, 359, 517, 359, 517, 359, 517, 360, 517, 360, 517, 360, 517, 360, 517, 360, 516, 360, 517, 361, 517, 
0, 360, 517, 360, 516, 360, 516, 360, 516, 360, 515, 360, 515, 360, 515, 360, 515, 360, 515, 360, 515, 360, 515, 360, 515, 360, 514, 360, 514, 360, 514, 360, 514, 360, 514, 360, 514, 360, 514, 360, 514, 360, 515, 360, 514, 360, 514, 361, 515, 361, 514, 361, 514, 361, 514, 361, 515, 361, 514, 361, 514, 361, 514, 362, 514, 362, 514, 362, 513, 362, 513, 362, 514, 362, 513, 362, 513, 362, 513, 362, 513, 362, 513, 362, 513, 361, 513, 361, 513, 361, 513, 361, 513, 361, 513, 361, 513, 361, 513, 362, 513, 362, 513, 362, 513, 362, 513, 361, 513, 361, 513, 361, 513, 362, 513, 362, 513, 362, 513, 362, 513, 
0, 361, 512, 361, 513, 361, 513, 361, 513, 361, 513, 361, 513, 361, 513, 361, 513, 361, 513, 361, 513, 361, 513, 360, 513, 360, 513, 360, 513, 360, 512, 360, 513, 360, 513, 360, 513, 360, 513, 361, 513, 362, 513, 362, 512, 362, 512, 361, 512, 361, 512, 361, 512, 361, 512, 361, 512, 361, 512, 361, 512, 361, 512, 361, 512, 361, 512, 361, 512, 361, 512, 361, 512, 361, 512, 361, 512, 361, 512, 361, 512, 361, 511, 361, 511, 361, 512, 361, 512, 361, 511, 361, 511, 361, 512, 361, 511, 361, 511, 361, 511, 361, 511, 361, 511, 361, 511, 361, 511, 361, 511, 361, 511, 361, 511, 361, 511, 361, 511, 361, 511, 
1, 361, 510, 361, 510, 361, 510, 361, 510, 361, 510, 361, 510, 361, 510, 361, 510, 361, 510, 361, 510, 361, 510, 361, 510, 361, 510, 361, 510, 361, 510, 361, 509, 361, 510, 361, 509, 361, 509, 361, 509, 361, 509, 363, 509, 373, 509, 390, 509, 1839, 87, 2539, 111, 3538, 150, 3811, 191, 3386, 445, 2890, 565, 2051, 552, 1736, 550, 1265, 547, 1092, 546, 836, 545, 667, 543, 556, 542, 516, 541, 457, 542, 418, 541, 403, 542, 381, 541, 367, 540, 362, 539, 355, 539, 350, 538, 348, 538, 345, 537, 343, 537, 342, 537, 342, 537, 341, 536, 340, 536, 341, 536, 341, 536, 341, 536, 341, 536, 342, 536, 342, 536, 342, 536, 
0, 345, 534, 345, 533, 345, 533, 345, 533, 345, 533, 345, 533, 345, 532, 345, 532, 345, 532, 345, 532, 345, 532, 345, 532, 346, 532, 346, 532, 346, 532, 345, 532, 345, 531, 345, 532, 345, 532, 345, 532, 345, 532, 345, 532, 345, 532, 345, 532, 344, 532, 344, 531, 344, 531, 344, 531, 345, 531, 345, 531, 344, 531, 344, 531, 344, 531, 344, 531, 344, 531, 344, 531, 345, 531, 344, 531, 345, 530, 345, 530, 345, 530, 346, 530, 346, 530, 346, 530, 346, 530, 346, 530, 346, 530, 345, 530, 346, 530, 345, 530, 345, 530, 345, 530, 345, 530, 345, 530, 346, 530, 346, 529, 347, 529, 348, 530, 349, 529, 349, 529, 
0, 349, 528, 350, 529, 350, 528, 350, 528, 350, 528, 350, 528, 350, 528, 351, 528, 350, 528, 350, 528, 350, 528, 349, 527, 350, 528, 350, 527, 350, 527, 351, 527, 351, 527, 351, 527, 350, 527, 350, 527, 350, 527, 350, 527, 351, 527, 351, 527, 351, 527, 353, 527, 353, 527, 354, 527, 354, 527, 354, 527, 355, 527, 355, 527, 355, 527, 354, 527, 354, 527, 354, 527, 354, 527, 354, 527, 354, 527, 354, 527, 355, 527, 355, 527, 354, 526, 355, 526, 355, 526, 355, 526, 355, 526, 355, 526, 355, 526, 355, 526, 355, 526, 355, 526, 355, 525, 355, 525, 355, 525, 355, 525, 355, 525, 355, 525, 355, 525, 355, 525, 
1, 355, 525, 355, 525, 355, 525, 355, 525, 355, 525, 356, 525, 356, 524, 356, 525, 356, 525, 356, 524, 356, 524, 356, 524, 356, 524, 356, 524, 356, 524, 356, 524, 356, 524, 356, 524, 356, 524, 356, 524, 356, 524, 358, 524, 361, 524, 370, 524, 1358, 61, 2123, 64, 3270, 95, 3684, 107, 4283, 112, 4646, 132, 4766, 156, 4921, 306, 4383, 489, 3053, 532, 2545, 533, 1790, 531, 1512, 531, 1105, 528, 838, 530, 742, 529, 599, 528, 505, 528, 445, 527, 423, 526, 391, 525, 380, 525, 362, 524, 355, 524, 344, 524, 338, 523, 336, 523, 333, 524, 332, 525, 330, 523, 330, 523, 329, 522, 329, 522, 329, 521, 330, 521, 331, 521, 
0, 332, 520, 332, 520, 333, 520, 333, 520, 333, 520, 333, 519, 333, 519, 334, 519, 334, 518, 334, 518, 335, 518, 335, 517, 335, 517, 335, 517, 335, 517, 335, 516, 336, 517, 336, 518, 336, 517, 336, 517, 336, 516, 336, 516, 336, 516, 336, 516, 336, 515, 336, 515, 336, 515, 336, 515, 336, 515, 336, 515, 336, 514, 336, 515, 337, 514, 337, 514, 337, 514, 337, 514, 337, 514, 337, 513, 337, 513, 337, 513, 337, 513, 337, 513, 337, 513, 337, 513, 337, 513, 337, 513, 337, 513, 337, 513, 337, 513, 337, 513, 337, 513, 337, 512, 337, 512, 337, 512, 337, 512, 337, 512, 337, 512, 337, 512, 337, 511, 337, 512, 
1, 336, 511, 336, 511, 336, 511, 336, 511, 336, 511, 336, 510, 336, 510, 336, 510, 336, 511, 336, 510, 336, 510, 336, 510, 336, 510, 335, 510, 335, 510, 335, 510, 335, 510, 335, 510, 335, 510, 335, 510, 335, 510, 335, 510, 335, 510, 335, 510, 335, 510, 335, 510, 335, 510, 335, 510, 335, 510, 335, 510, 336, 510, 337, 510, 354, 510, 477, 533, 899, 431, 1390, 445, 2367, 455, 2777, 440, 3381, 428, 3724, 430, 3220, 446, 2738, 470, 1963, 492, 1665, 493, 1214, 489, 1046, 491, 795, 490, 704, 488, 568, 489, 518, 488, 446, 488, 420, 487, 383, 488, 359, 487, 350, 486, 337, 486, 332, 487, 326, 485, 324, 484, 321, 485, 
0, 317, 482, 317, 483, 317, 483, 317, 483, 317, 483, 318, 483, 318, 484, 318, 483, 318, 483, 319, 483, 321, 483, 322, 484, 322, 484, 322, 484, 323, 483, 323, 483, 322, 483, 322, 483, 322, 482, 322, 481, 322, 481, 322, 481, 322, 481, 322, 481, 322, 481, 322, 480, 322, 481, 322, 480, 322, 481, 322, 480, 322, 480, 323, 480, 323, 479, 322, 479, 321, 479, 321, 479, 321, 478, 322, 478, 322, 479, 322, 479, 322, 479, 323, 478, 323, 478, 323, 478, 323, 478, 324, 478, 326, 478, 327, 478, 328, 478, 330, 478, 330, 478, 330, 478, 330, 478, 332, 479, 332, 479, 332, 479, 333, 478, 333, 478, 334, 478, 334, 478, 
0, 335, 478, 334, 478, 334, 477, 334, 477, 334, 477, 334, 477, 333, 477, 333, 477, 332, 477, 331, 477, 331, 477, 331, 476, 332, 476, 331, 476, 330, 476, 330, 477, 330, 476, 329, 476, 330, 476, 331, 476, 331, 476, 331, 476, 331, 476, 331, 476, 330, 476, 330, 476, 330, 476, 331, 476, 331, 476, 331, 476, 331, 476, 331, 476, 332, 476, 332, 476, 332, 475, 332, 476, 332, 476, 333, 476, 333, 476, 333, 476, 333, 476, 333, 476, 333, 476, 333, 476, 333, 476, 333, 476, 333, 476, 333, 476, 333, 476, 333, 476, 333, 476, 333, 476, 333, 476, 333, 476, 333, 476, 333, 476, 333, 476, 333, 476, 334, 475, 333, 476, 
0, 333, 475, 333, 475, 333, 475, 333, 475, 333, 475, 333, 475, 334, 475, 334, 474, 334, 474, 334, 474, 334, 474, 334, 475, 334, 475, 334, 475, 334, 475, 335, 475, 335, 475, 335, 475, 335, 475, 335, 475, 335, 475, 335, 475, 336, 475, 336, 475, 337, 475, 337, 475, 337, 475, 337, 475, 337, 475, 337, 475, 337, 475, 337, 475, 336, 475, 336, 475, 336, 475, 336, 475, 336, 475, 336, 475, 336, 475, 336, 475, 336, 474, 336, 474, 336, 474, 336, 474, 336, 474, 336, 474, 336, 474, 336, 474, 336, 474, 337, 474, 337, 474, 337, 474, 337, 474, 337, 474, 338, 474, 338, 474, 338, 474, 338, 474, 338, 474, 338, 474, 
1, 338, 474, 338, 474, 338, 474, 338, 474, 338, 474, 338, 474, 338, 474, 338, 474, 338, 474, 338, 474, 338, 474, 338, 474, 338, 474, 338, 474, 338, 474, 338, 474, 338, 474, 338, 473, 338, 473, 338, 473, 338, 473, 338, 474, 338, 473, 338, 473, 338, 473, 337, 473, 337, 473, 336, 473, 335, 473, 333, 473, 332, 473, 331, 473, 331, 473, 332, 473, 339, 473, 353, 473, 1513, 59, 2291, 58, 3449, 83, 3860, 88, 4465, 90, 4845, 117, 4969, 153, 4195, 494, 2893, 467, 2411, 463, 1695, 457, 1433, 454, 1221, 455, 910, 453, 707, 451, 634, 450, 527, 451, 458, 450, 434, 449, 414, 448, 384, 447, 373, 447, 356, 447, 345, 446, 
0, 327, 447, 327, 445, 327, 445, 326, 444, 326, 444, 326, 444, 326, 443, 326, 443, 327, 443, 327, 443, 327, 443, 327, 443, 327, 443, 328, 443, 328, 442, 329, 441, 329, 441, 328, 440, 328, 439, 328, 439, 328, 439, 328, 440, 328, 440, 328, 440, 328, 440, 328, 440, 328, 440, 328, 439, 328, 438, 329, 438, 330, 438, 330, 438, 330, 438, 330, 438, 330, 438, 330, 438, 331, 437, 331, 437, 330, 437, 331, 437, 331, 437, 331, 437, 333, 437, 333, 437, 333, 438, 333, 437, 334, 437, 334, 437, 334, 437, 335, 436, 335, 437, 335, 437, 335, 437, 335, 436, 335, 436, 335, 436, 335, 436, 335, 436, 335, 435, 335, 436, 
0, 335, 434, 335, 433, 336, 433, 336, 434, 336, 434, 336, 433, 336, 433, 336, 434, 337, 434, 337, 435, 337, 435, 337, 436, 337, 435, 337, 435, 337, 435, 337, 435, 337, 435, 337, 435, 337, 435, 337, 435, 337, 434, 337, 434, 337, 434, 336, 434, 336, 434, 336, 435, 336, 435, 336, 435, 336, 435, 336, 435, 336, 435, 336, 435, 336, 435, 336, 434, 337, 435, 337, 434, 337, 434, 337, 434, 337, 434, 337, 433, 337, 433, 337, 433, 337, 433, 337, 433, 337, 433, 337, 433, 337, 433, 337, 433, 337, 433, 337, 433, 337, 433, 337, 433, 337, 433, 337, 433, 337, 433, 337, 432, 337, 433, 337, 433, 336, 433, 336, 433, 
0, 336, 433, 337, 433, 337, 433, 337, 432, 337, 433, 337, 433, 337, 433, 337, 433, 337, 432, 337, 433, 337, 432, 337, 432, 337, 432, 338, 432, 339, 432, 339, 432, 339, 432, 339, 432, 339, 432, 339, 432, 339, 432, 339, 431, 339, 431, 339, 431, 339, 431, 339, 431, 339, 431, 339, 431, 339, 431, 339, 431, 339, 431, 339, 431, 339, 431, 339, 431, 339, 430, 339, 431, 339, 431, 339, 431, 339, 431, 339, 431, 339, 431, 339, 431, 339, 431, 340, 431, 340, 431, 340, 431, 340, 431, 340, 431, 340, 431, 340, 431, 340, 431, 340, 431, 340, 431, 339, 431, 339, 431, 339, 431, 339, 431, 339, 431, 340, 431, 340, 430, 
1, 340, 430, 340, 430, 340, 429, 340, 429, 340, 430, 340, 430, 340, 430, 340, 430, 340, 430, 340, 430, 340, 430, 340, 430, 340, 430, 340, 430, 340, 430, 340, 430, 340, 430, 340, 430, 340, 430, 340, 430, 340, 430, 340, 430, 340, 430, 340, 429, 340, 430, 339, 430, 338, 430, 337, 430, 335, 430, 333, 430, 331, 430, 329, 430, 330, 430, 338, 430, 361, 430, 2004, 47, 2690, 48, 3678, 59, 4281, 65, 4465, 71, 4628, 114, 4370, 162, 3183, 518, 2258, 549, 1901, 544, 1363, 543, 1165, 541, 874, 538, 767, 537, 613, 533, 557, 534, 474, 531, 444, 531, 400, 531, 384, 531, 361, 530, 346, 529, 341, 529, 333, 528, 330, 528, 
0, 322, 527, 322, 525, 323, 524, 326, 524, 329, 524, 331, 523, 333, 522, 334, 522, 336, 521, 338, 520, 340, 520, 341, 520, 343, 520, 344, 521, 344, 521, 344, 520, 344, 521, 344, 520, 343, 521, 343, 521, 343, 521, 343, 521, 343, 521, 343, 521, 343, 519, 343, 519, 342, 519, 341, 520, 341, 521, 341, 520, 340, 520, 340, 519, 340, 519, 340, 519, 340, 520, 339, 520, 338, 520, 338, 519, 336, 520, 335, 517, 333, 518, 330, 519, 327, 519, 324, 518, 323, 518, 321, 518, 319, 517, 316, 517, 313, 518, 309, 518, 306, 518, 304, 517, 303, 520, 302, 519, 300, 519, 300, 518, 300, 517, 300, 519, 300, 519, 300, 518, 
0, 300, 508, 300, 508, 300, 508, 300, 508, 300, 508, 300, 508, 300, 508, 300, 508, 300, 508, 300, 508, 300, 508, 300, 508, 300, 508, 300, 508, 300, 508, 300, 507, 300, 508, 299, 507, 299, 507, 299, 507, 299, 507, 299, 507, 299, 508, 299, 508, 299, 508, 299, 508, 299, 507, 299, 507, 299, 508, 299, 507, 299, 507, 299, 507, 299, 507, 300, 507, 300, 507, 300, 507, 300, 507, 300, 507, 300, 507, 300, 507, 300, 507, 300, 507, 301, 507, 301, 508, 301, 509, 305, 526, 307, 534, 310, 542, 313, 535, 314, 536, 311, 538, 297, 534, 286, 517, 273, 455, 271, 397, 270, 400, 268, 459, 252, 523, 229, 600, 219, 633, 
0, 169, 614, 161, 611, 138, 610, 109, 607, 87, 583, 82, 569, 83, 506, 96, 447, 120, 412, 133, 404, 156, 382, 165, 376, 177, 378, 187, 389, 191, 398, 198, 416, 202, 457, 202, 463, 201, 469, 195, 482, 192, 483, 181, 491, 173, 494, 170, 499, 165, 505, 163, 502, 161, 499, 160, 498, 160, 498, 160, 503, 160, 503, 160, 500, 160, 499, 164, 500, 165, 499, 166, 499, 166, 498, 166, 497, 167, 497, 167, 497, 166, 494, 166, 493, 166, 493, 166, 493, 167, 494, 167, 493, 167, 494, 167, 493, 168, 493, 168, 492, 168, 493, 168, 493, 169, 494, 169, 497, 168, 503, 166, 506, 166, 507, 168, 505, 169, 503, 168, 503, 
0, 147, 506, 145, 505, 142, 509, 141, 506, 143, 503, 146, 502, 148, 504, 149, 506, 150, 504, 150, 504, 150, 503, 150, 508, 148, 513, 146, 517, 144, 515, 142, 518, 140, 514, 138, 514, 134, 511, 133, 513, 129, 512, 128, 511, 130, 508, 134, 510, 137, 514, 144, 526, 148, 526, 159, 533, 163, 536, 175, 531, 187, 519, 193, 524, 202, 521, 205, 514, 211, 506, 213, 501, 222, 493, 227, 485, 232, 480, 234, 470, 236, 460, 238, 457, 244, 496, 244, 490, 243, 489, 241, 496, 240, 496, 234, 488, 233, 489, 245, 525, 257, 546, 299, 587, 331, 644, 315, 662, 251, 629, 222, 588, 175, 566, 156, 545, 132, 504, 114, 488, 
0, 127, 469, 139, 452, 156, 414, 179, 395, 200, 412, 210, 419, 213, 416, 210, 424, 199, 440, 192, 467, 188, 478, 194, 461, 195, 460, 200, 463, 206, 458, 218, 460, 233, 452, 242, 448, 250, 440, 261, 441, 268, 432, 271, 427, 274, 420, 275, 424, 271, 430, 269, 432, 260, 439, 255, 444, 241, 458, 226, 466, 219, 468, 203, 498, 194, 447, 180, 371, 172, 455, 157, 475, 149, 471, 135, 468, 124, 466, 119, 464, 112, 463, 110, 462, 108, 461, 106, 460, 106, 459, 106, 458, 107, 458, 108, 458, 108, 457, 108, 457, 108, 457, 108, 457, 108, 457, 108, 457, 109, 456, 109, 456, 109, 456, 108, 455, 106, 455, 106, 455, 
