0, 20, 516, 20, 516, 20, 517, 20, 516, 20, 516, 20, 515, 20, 516, 20, 516, 20, 516, 20, 515, 20, 516, 19, 516, 19, 516, 19, 517, 19, 517, 19, 516, 19, 516, 19, 516, 19, 516, 19, 515, 19, 516, 19, 516, 19, 516, 19, 516, 19, 516, 19, 516, 20, 516, 21, 516, 23, 516, 28, 516, 36, 519, 40, 522, 46, 521, 49, 523, 53, 525, 61, 523, 64, 524, 70, 520, 72, 518, 77, 517, 79, 516, 81, 518, 81, 518, 81, 521, 82, 519, 82, 520, 83, 524, 86, 530, 91, 536, 93, 541, 99, 538, 101, 533, 99, 564, 92, 601, 83, 631, 76, 596, 72, 584, 63, 567, 58, 555, 52, 543, 
0, 34, 495, 31, 513, 20, 616, 6, 630, 0, 625, -7, 605, -10, 601, -12, 612, -14, 635, -15, 642, -20, 643, -23, 645, -27, 642, -29, 642, -33, 640, -37, 637, -43, 636, -46, 635, -50, 630, -53, 631, -54, 632, -56, 627, -57, 627, -59, 626, -61, 626, -65, 630, -69, 630, -70, 629, -72, 628, -73, 629, -77, 633, -82, 634, -85, 633, -90, 635, -92, 636, -95, 632, -96, 631, -99, 631, -103, 628, -107, 627, -108, 626, -111, 626, -113, 627, -114, 630, -115, 632, -116, 648, -116, 638, -116, 633, -115, 629, -115, 626, -115, 625, -115, 625, -115, 622, -116, 621, -116, 619, -116, 612, -116, 614, -116, 612, -115, 612, -115, 616, 
0, -115, 625, -115, 637, -114, 644, -113, 643, -111, 638, -107, 640, -105, 641, -102, 641, -100, 639, -96, 640, -93, 635, -87, 637, -83, 657, -82, 651, -79, 637, -76, 638, -69, 628, -67, 632, -63, 629, -59, 627, -56, 630, -48, 630, -44, 628, -39, 626, -38, 626, -42, 621, -48, 619, -58, 609, -61, 608, -65, 606, -71, 609, -73, 607, -78, 626, -84, 644, -86, 638, -88, 654, -91, 685, -93, 705, -91, 694, -88, 689, -84, 689, -80, 686, -78, 689, -74, 681, -72, 679, -68, 684, -67, 686, -66, 684, -65, 683, -63, 680, -62, 680, -60, 679, -59, 678, -59, 677, -58, 676, -58, 677, -58, 677, -57, 673, -55, 667, -52, 677, 
0, -42, 687, -41, 687, -39, 704, -38, 709, -29, 682, -23, 687, -8, 661, 6, 660, 12, 636, 12, 628, 13, 553, 9, 491, 7, 453, 4, 431, -4, 493, -9, 501, -20, 500, -25, 524, -37, 491, -44, 445, -58, 464, -65, 486, -77, 483, -84, 478, -87, 477, -92, 482, -94, 478, -95, 469, -94, 473, -93, 472, -89, 474, -87, 474, -83, 471, -81, 465, -80, 478, -79, 486, -79, 485, -73, 487, -57, 501, -35, 502, -28, 493, -19, 476, -15, 473, -9, 470, -3, 482, 3, 508, 6, 525, 10, 524, 12, 518, 19, 499, 25, 480, 25, 470, 21, 467, 12, 470, 9, 479, 4, 500, -5, 505, -18, 503, -24, 495, -30, 486, 
0, -11, 467, -11, 471, -13, 465, -13, 466, -10, 486, -8, 498, -5, 519, -4, 524, -2, 540, 0, 546, 0, 566, 0, 558, 0, 546, 0, 521, 1, 496, 1, 491, 1, 472, 3, 459, 3, 463, 7, 471, 5, 473, 3, 491, -2, 619, -7, 694, -8, 709, -8, 719, -6, 738, 3, 720, 9, 707, 21, 721, 28, 718, 43, 725, 51, 728, 68, 726, 77, 719, 90, 720, 95, 712, 97, 709, 104, 691, 107, 726, 111, 656, 108, 726, 94, 649, 87, 611, 64, 517, 42, 492, -3, 470, -33, 500, -40, 500, -45, 512, -41, 513, -24, 515, -14, 512, 0, 519, 11, 643, 18, 653, 59, 519, 77, 478, 103, 581, 110, 584, 
0, 138, 644, 138, 700, 138, 699, 138, 698, 134, 690, 132, 694, 128, 692, 126, 689, 125, 690, 123, 692, 123, 691, 123, 694, 124, 693, 128, 695, 132, 689, 136, 671, 143, 662, 143, 689, 142, 684, 134, 713, 131, 718, 125, 736, 114, 730, 107, 733, 97, 733, 69, 640, 14, 668, -21, 668, -72, 653, -91, 635, -114, 626, -121, 618, -128, 588, -128, 601, -128, 634, -124, 665, -117, 627, -99, 605, -85, 626, -63, 652, -54, 649, -41, 656, -33, 643, -11, 657, 8, 660, 14, 666, 34, 664, 49, 661, 79, 652, 93, 653, 116, 699, 131, 702, 138, 699, 152, 702, 157, 697, 170, 702, 180, 689, 197, 693, 205, 683, 223, 672, 
0, 251, 716, 250, 723, 264, 692, 275, 663, 280, 687, 273, 712, 269, 720, 258, 642, 252, 620, 243, 596, 224, 599, 217, 612, 204, 656, 199, 665, 197, 607, 199, 598, 201, 588, 202, 589, 204, 597, 205, 608, 212, 640, 219, 655, 238, 667, 257, 667, 268, 666, 288, 672, 295, 670, 305, 678, 308, 679, 313, 681, 315, 677, 320, 673, 322, 676, 322, 673, 321, 670, 316, 668, 308, 667, 305, 667, 298, 667, 294, 667, 288, 667, 280, 666, 276, 666, 271, 665, 268, 665, 264, 666, 262, 665, 260, 665, 257, 665, 253, 664, 249, 664, 248, 664, 246, 664, 245, 663, 243, 663, 242, 662, 241, 662, 240, 661, 240, 661, 240, 661, 
0, 244, 651, 244, 650, 244, 650, 244, 650, 244, 650, 244, 650, 244, 650, 244, 650, 244, 650, 243, 650, 243, 650, 243, 650, 244, 650, 244, 650, 244, 650, 244, 650, 245, 649, 245, 649, 245, 649, 246, 649, 246, 649, 246, 649, 247, 649, 247, 649, 246, 649, 246, 650, 246, 650, 246, 649, 247, 649, 247, 649, 247, 650, 247, 649, 247, 649, 247, 649, 248, 649, 248, 650, 249, 650, 250, 650, 250, 650, 251, 650, 251, 650, 252, 649, 253, 650, 253, 650, 253, 650, 254, 650, 254, 649, 254, 649, 255, 649, 256, 649, 257, 649, 257, 649, 257, 649, 257, 649, 257, 649, 257, 649, 257, 649, 258, 649, 258, 648, 258, 648, 
1, 259, 649, 260, 649, 261, 649, 261, 649, 263, 649, 266, 649, 267, 649, 271, 648, 273, 648, 274, 648, 276, 648, 277, 648, 278, 648, 279, 647, 279, 647, 279, 646, 279, 646, 279, 646, 280, 646, 281, 646, 283, 646, 285, 646, 287, 646, 288, 645, 291, 645, 293, 645, 294, 645, 296, 645, 297, 645, 299, 645, 302, 645, 308, 645, 315, 645, 328, 644, 355, 661, 384, 640, 445, 608, 770, 309, 1017, 307, 1126, 312, 1300, 381, 1295, 416, 1110, 597, 990, 614, 790, 639, 708, 643, 589, 629, 545, 628, 478, 628, 454, 626, 416, 626, 388, 625, 377, 624, 359, 623, 351, 624, 340, 623, 336, 623, 330, 623, 326, 622, 324, 623, 
0, 314, 621, 310, 621, 308, 621, 305, 620, 304, 620, 302, 620, 300, 620, 300, 620, 300, 620, 300, 620, 300, 619, 299, 619, 299, 619, 299, 619, 299, 619, 299, 618, 299, 618, 300, 619, 301, 619, 302, 619, 304, 618, 307, 618, 309, 618, 313, 618, 315, 618, 316, 618, 316, 618, 316, 617, 316, 618, 316, 617, 317, 617, 317, 617, 317, 617, 317, 617, 317, 617, 317, 617, 317, 616, 317, 616, 317, 616, 317, 616, 317, 617, 317, 617, 317, 616, 317, 616, 316, 616, 315, 616, 314, 616, 314, 616, 314, 616, 313, 616, 312, 616, 312, 616, 311, 615, 310, 615, 310, 615, 310, 615, 308, 615, 307, 615, 307, 615, 306, 615, 
1, 305, 616, 305, 615, 306, 615, 307, 615, 307, 614, 307, 614, 308, 615, 309, 615, 309, 615, 310, 615, 310, 615, 309, 615, 307, 614, 307, 615, 305, 614, 305, 614, 305, 614, 304, 614, 304, 614, 305, 614, 307, 613, 309, 613, 312, 613, 315, 614, 318, 613, 324, 613, 327, 613, 333, 613, 341, 613, 348, 613, 354, 621, 367, 634, 377, 629, 403, 635, 414, 634, 437, 636, 448, 643, 471, 660, 510, 695, 580, 623, 905, 392, 1048, 273, 1285, 217, 1360, 251, 1256, 514, 1110, 518, 874, 561, 709, 593, 597, 593, 556, 590, 493, 592, 470, 591, 436, 593, 422, 595, 400, 590, 392, 591, 381, 589, 372, 587, 369, 586, 363, 586, 
0, 341, 588, 338, 586, 335, 586, 333, 585, 332, 585, 329, 584, 327, 584, 326, 583, 324, 583, 322, 583, 321, 583, 320, 583, 320, 584, 319, 584, 319, 584, 318, 583, 318, 583, 318, 583, 318, 583, 318, 582, 317, 583, 317, 582, 317, 582, 317, 583, 317, 583, 317, 583, 317, 582, 317, 582, 318, 582, 319, 582, 319, 582, 320, 582, 320, 581, 320, 581, 321, 581, 324, 581, 325, 581, 329, 580, 331, 580, 335, 580, 336, 580, 342, 580, 345, 579, 349, 580, 353, 580, 361, 581, 368, 581, 371, 581, 378, 583, 382, 583, 390, 582, 393, 583, 400, 582, 403, 583, 409, 583, 415, 584, 419, 583, 425, 584, 427, 585, 429, 583, 
0, 424, 582, 423, 583, 421, 583, 420, 582, 419, 582, 418, 582, 418, 582, 418, 582, 418, 583, 418, 582, 418, 582, 418, 583, 418, 582, 418, 582, 418, 582, 418, 582, 418, 582, 418, 582, 418, 581, 418, 582, 418, 582, 418, 582, 418, 581, 417, 581, 413, 580, 409, 580, 407, 580, 405, 580, 403, 580, 402, 580, 400, 580, 399, 580, 393, 580, 387, 579, 384, 579, 377, 580, 371, 580, 367, 579, 366, 579, 364, 579, 363, 579, 363, 579, 365, 580, 366, 579, 370, 579, 372, 579, 375, 579, 378, 579, 380, 579, 384, 579, 386, 578, 390, 579, 392, 578, 394, 579, 394, 578, 394, 577, 394, 578, 394, 578, 393, 578, 393, 578, 
0, 392, 577, 391, 577, 391, 578, 391, 577, 391, 577, 393, 578, 393, 578, 393, 578, 393, 578, 393, 578, 393, 577, 393, 577, 394, 578, 395, 577, 395, 577, 396, 577, 396, 578, 396, 578, 396, 578, 396, 577, 397, 577, 397, 577, 397, 577, 397, 577, 397, 576, 397, 577, 397, 577, 397, 577, 397, 577, 397, 576, 397, 576, 397, 576, 397, 577, 397, 577, 397, 577, 396, 577, 396, 576, 396, 576, 396, 576, 396, 575, 397, 576, 399, 576, 399, 576, 399, 575, 400, 575, 400, 576, 400, 576, 400, 576, 400, 576, 400, 575, 400, 576, 400, 575, 400, 575, 400, 576, 400, 576, 399, 575, 399, 575, 398, 576, 398, 576, 398, 576, 
1, 396, 575, 396, 575, 396, 575, 396, 575, 397, 575, 397, 575, 397, 575, 398, 575, 398, 574, 399, 575, 399, 575, 400, 575, 400, 575, 400, 575, 400, 575, 399, 574, 399, 575, 399, 575, 400, 574, 400, 575, 404, 575, 406, 575, 413, 575, 418, 575, 429, 576, 444, 575, 454, 575, 497, 587, 565, 527, 761, 428, 1052, 397, 1141, 378, 1531, 313, 1527, 300, 1500, 275, 1487, 263, 1484, 217, 1470, 221, 1350, 534, 1183, 546, 914, 558, 727, 561, 657, 558, 551, 557, 481, 554, 432, 550, 399, 549, 387, 549, 370, 548, 364, 546, 355, 546, 349, 546, 347, 546, 344, 545, 343, 545, 342, 544, 342, 544, 342, 544, 342, 543, 341, 543, 
0, 344, 543, 345, 543, 347, 543, 349, 543, 353, 543, 355, 543, 356, 543, 360, 542, 363, 541, 368, 540, 370, 540, 374, 540, 375, 540, 377, 541, 379, 541, 379, 540, 379, 539, 380, 539, 382, 538, 386, 538, 387, 538, 389, 538, 391, 538, 390, 538, 390, 537, 391, 538, 391, 537, 392, 537, 392, 538, 392, 537, 392, 538, 391, 537, 390, 537, 389, 537, 388, 537, 386, 537, 385, 536, 384, 536, 382, 536, 380, 536, 379, 537, 379, 536, 378, 536, 378, 536, 377, 536, 377, 536, 376, 536, 375, 536, 374, 535, 372, 535, 372, 535, 372, 535, 371, 535, 371, 535, 369, 535, 368, 535, 368, 534, 368, 535, 367, 535, 366, 534, 
0, 361, 534, 361, 534, 361, 534, 361, 534, 361, 534, 361, 533, 361, 533, 361, 533, 360, 533, 359, 533, 359, 533, 359, 533, 358, 533, 358, 533, 358, 533, 358, 533, 358, 533, 358, 533, 357, 534, 357, 533, 357, 533, 357, 533, 357, 533, 357, 533, 357, 533, 357, 532, 357, 532, 357, 532, 357, 532, 357, 532, 358, 532, 358, 533, 358, 532, 358, 532, 358, 532, 358, 532, 359, 532, 359, 532, 359, 532, 359, 532, 359, 532, 359, 532, 361, 531, 361, 532, 362, 531, 363, 531, 364, 531, 365, 531, 368, 531, 371, 531, 373, 531, 375, 531, 376, 531, 377, 531, 377, 531, 377, 531, 377, 531, 377, 531, 377, 531, 377, 531, 
0, 378, 531, 378, 530, 378, 531, 378, 530, 377, 531, 377, 530, 377, 530, 377, 530, 377, 530, 378, 530, 379, 530, 379, 530, 380, 530, 380, 530, 380, 529, 380, 529, 380, 529, 380, 529, 381, 529, 381, 529, 381, 529, 381, 529, 381, 529, 380, 529, 380, 529, 380, 529, 379, 529, 379, 529, 379, 529, 379, 529, 379, 529, 379, 529, 379, 529, 379, 529, 379, 529, 379, 529, 379, 530, 379, 529, 379, 529, 379, 529, 379, 529, 379, 529, 379, 529, 379, 529, 379, 529, 379, 529, 379, 528, 379, 529, 379, 528, 379, 528, 380, 528, 380, 529, 380, 528, 381, 528, 382, 529, 383, 528, 383, 528, 384, 528, 384, 528, 384, 528, 
1, 383, 528, 383, 528, 382, 528, 382, 528, 381, 529, 381, 529, 381, 529, 381, 529, 381, 529, 380, 528, 380, 528, 379, 528, 378, 528, 378, 528, 378, 528, 378, 528, 378, 528, 378, 528, 378, 528, 379, 528, 384, 528, 387, 528, 396, 528, 407, 528, 419, 528, 433, 528, 449, 528, 470, 531, 483, 509, 498, 496, 534, 475, 616, 451, 692, 438, 992, 407, 1094, 369, 1281, 263, 1355, 237, 1462, 179, 1497, 220, 1252, 558, 952, 568, 838, 571, 667, 576, 554, 570, 478, 569, 450, 564, 410, 560, 384, 560, 368, 559, 362, 557, 353, 557, 349, 556, 345, 556, 342, 558, 341, 557, 340, 557, 339, 556, 339, 555, 339, 554, 339, 555, 
0, 337, 552, 337, 552, 337, 552, 337, 551, 337, 551, 337, 552, 337, 551, 337, 550, 337, 549, 337, 549, 339, 550, 339, 550, 339, 549, 340, 549, 340, 549, 340, 549, 340, 549, 340, 549, 340, 548, 340, 549, 340, 548, 340, 548, 340, 548, 340, 548, 340, 547, 341, 547, 341, 547, 341, 547, 342, 547, 343, 547, 344, 547, 345, 546, 346, 546, 347, 546, 349, 546, 351, 545, 353, 545, 355, 545, 356, 545, 357, 546, 357, 545, 359, 545, 359, 545, 359, 545, 359, 545, 359, 544, 359, 544, 360, 544, 360, 544, 361, 544, 362, 544, 364, 543, 364, 543, 366, 543, 367, 544, 369, 543, 371, 543, 372, 543, 374, 543, 375, 543, 
0, 382, 543, 385, 542, 385, 542, 387, 542, 387, 542, 387, 542, 387, 542, 388, 542, 388, 542, 388, 542, 390, 542, 390, 542, 390, 542, 390, 542, 388, 543, 387, 542, 385, 542, 384, 542, 382, 542, 382, 542, 382, 542, 382, 542, 382, 541, 382, 542, 382, 542, 382, 542, 382, 542, 382, 541, 382, 542, 382, 542, 383, 541, 385, 541, 386, 541, 387, 541, 388, 541, 388, 541, 389, 541, 389, 541, 389, 542, 389, 541, 389, 541, 390, 541, 391, 541, 391, 541, 392, 541, 391, 541, 392, 541, 392, 541, 392, 541, 392, 541, 392, 541, 391, 540, 390, 540, 388, 540, 387, 540, 387, 540, 386, 540, 385, 540, 385, 540, 385, 540, 
0, 385, 540, 385, 540, 385, 540, 386, 540, 388, 540, 389, 540, 391, 540, 393, 540, 394, 540, 395, 540, 396, 540, 396, 539, 396, 539, 397, 539, 397, 540, 398, 539, 398, 539, 398, 539, 398, 539, 398, 539, 398, 539, 398, 539, 399, 539, 400, 540, 402, 539, 406, 539, 408, 539, 410, 539, 414, 539, 416, 539, 418, 539, 420, 539, 420, 539, 420, 539, 420, 539, 419, 539, 417, 539, 416, 539, 414, 539, 412, 539, 411, 539, 410, 539, 409, 539, 407, 539, 406, 539, 405, 538, 405, 538, 404, 538, 403, 539, 403, 538, 403, 538, 402, 538, 402, 538, 402, 538, 402, 538, 401, 538, 401, 538, 401, 538, 400, 539, 400, 538, 
1, 398, 538, 398, 538, 398, 538, 398, 538, 398, 537, 398, 537, 398, 537, 398, 537, 398, 538, 399, 537, 399, 537, 399, 537, 399, 537, 399, 537, 399, 537, 399, 537, 399, 537, 398, 537, 399, 537, 399, 537, 402, 537, 405, 537, 413, 537, 423, 537, 428, 536, 438, 537, 443, 536, 460, 536, 480, 536, 992, 575, 1265, 584, 1260, 581, 1255, 572, 1252, 673, 1243, 507, 1283, 434, 1377, 353, 1422, 329, 1360, 391, 1120, 585, 870, 584, 776, 583, 636, 577, 585, 577, 506, 578, 477, 576, 434, 573, 418, 573, 395, 572, 378, 571, 372, 571, 363, 570, 359, 570, 353, 569, 350, 569, 347, 569, 345, 569, 344, 569, 343, 569, 341, 569, 
0, 339, 567, 339, 566, 339, 566, 338, 566, 338, 565, 338, 566, 338, 566, 338, 565, 338, 565, 337, 564, 336, 565, 335, 564, 333, 564, 332, 564, 331, 564, 330, 564, 330, 563, 329, 563, 328, 563, 328, 563, 328, 563, 328, 563, 326, 563, 326, 563, 326, 562, 326, 562, 326, 562, 326, 562, 327, 562, 327, 562, 329, 561, 330, 561, 332, 561, 333, 562, 335, 561, 335, 561, 336, 561, 337, 561, 338, 561, 338, 561, 341, 560, 344, 561, 346, 561, 350, 561, 353, 561, 354, 560, 356, 561, 357, 560, 357, 560, 357, 560, 357, 560, 357, 559, 357, 560, 358, 559, 358, 559, 358, 560, 358, 559, 359, 559, 359, 559, 359, 558, 
1, 360, 558, 360, 558, 360, 558, 360, 558, 360, 558, 360, 558, 360, 558, 360, 558, 360, 558, 360, 558, 360, 558, 361, 557, 361, 557, 361, 557, 361, 557, 361, 557, 361, 557, 361, 557, 361, 557, 361, 557, 361, 556, 361, 557, 361, 557, 361, 556, 361, 556, 361, 556, 361, 556, 361, 556, 363, 556, 363, 556, 364, 556, 365, 556, 367, 556, 369, 556, 373, 556, 375, 556, 382, 556, 391, 556, 397, 555, 410, 555, 419, 555, 448, 539, 533, 504, 681, 472, 1006, 293, 1136, 230, 1326, 210, 1383, 250, 1241, 552, 1083, 585, 837, 582, 671, 581, 609, 578, 518, 574, 485, 572, 436, 571, 417, 570, 389, 569, 372, 568, 360, 567, 
0, 342, 566, 341, 566, 341, 566, 341, 566, 341, 565, 341, 564, 343, 564, 345, 562, 347, 562, 349, 561, 352, 561, 354, 561, 355, 560, 357, 560, 358, 560, 358, 559, 359, 560, 362, 559, 363, 559, 366, 559, 368, 558, 370, 558, 372, 558, 372, 558, 372, 558, 369, 558, 367, 558, 365, 558, 364, 557, 363, 557, 362, 557, 362, 557, 360, 557, 360, 557, 360, 557, 360, 557, 360, 556, 360, 557, 360, 557, 360, 556, 360, 556, 360, 556, 359, 557, 359, 557, 359, 557, 359, 557, 359, 556, 359, 555, 359, 556, 359, 555, 359, 556, 359, 556, 359, 556, 359, 556, 359, 556, 359, 555, 359, 555, 358, 555, 358, 556, 358, 555, 
0, 358, 555, 358, 556, 358, 556, 358, 555, 358, 556, 358, 556, 358, 555, 358, 555, 358, 555, 358, 555, 358, 555, 358, 555, 358, 555, 358, 555, 358, 555, 358, 554, 358, 554, 358, 555, 358, 554, 358, 554, 358, 553, 358, 555, 358, 554, 358, 554, 359, 553, 359, 553, 359, 553, 360, 553, 360, 553, 360, 554, 360, 553, 360, 553, 360, 552, 360, 552, 360, 553, 359, 552, 359, 552, 359, 552, 359, 552, 359, 552, 359, 552, 359, 552, 359, 552, 359, 552, 359, 551, 359, 551, 359, 552, 360, 551, 360, 552, 359, 551, 359, 551, 359, 551, 359, 551, 359, 551, 359, 551, 359, 552, 359, 552, 359, 552, 359, 551, 359, 551, 
0, 359, 551, 359, 550, 359, 551, 359, 551, 359, 551, 359, 550, 359, 551, 359, 551, 360, 551, 360, 551, 360, 550, 360, 550, 360, 551, 360, 551, 360, 551, 360, 550, 360, 551, 361, 551, 361, 551, 361, 551, 361, 550, 361, 551, 361, 550, 361, 549, 361, 550, 361, 549, 361, 550, 361, 550, 362, 549, 362, 549, 362, 549, 362, 549, 362, 549, 362, 549, 362, 549, 362, 549, 362, 549, 362, 550, 362, 549, 363, 549, 363, 549, 363, 548, 363, 548, 363, 548, 363, 549, 363, 549, 363, 548, 364, 549, 364, 548, 363, 548, 363, 548, 363, 548, 363, 548, 363, 548, 362, 548, 362, 548, 362, 548, 362, 548, 362, 547, 362, 547, 
1, 362, 546, 362, 547, 362, 547, 362, 547, 362, 547, 361, 547, 361, 546, 361, 547, 361, 546, 361, 546, 361, 546, 361, 546, 361, 546, 361, 547, 361, 546, 361, 546, 361, 546, 361, 546, 362, 546, 363, 545, 365, 546, 367, 546, 369, 545, 371, 545, 373, 545, 375, 545, 375, 544, 376, 545, 377, 545, 379, 544, 383, 545, 386, 545, 391, 544, 395, 544, 403, 544, 408, 544, 420, 544, 427, 544, 448, 544, 467, 527, 593, 439, 759, 391, 1084, 258, 1200, 245, 1343, 203, 1288, 511, 1135, 548, 881, 554, 784, 553, 639, 554, 585, 549, 504, 552, 475, 550, 432, 547, 403, 545, 393, 544, 377, 544, 368, 544, 365, 543, 363, 542, 
0, 357, 539, 357, 539, 358, 539, 358, 538, 359, 539, 360, 539, 363, 539, 367, 539, 371, 538, 375, 538, 381, 538, 387, 538, 389, 537, 393, 538, 397, 539, 399, 538, 400, 538, 401, 538, 403, 537, 404, 537, 406, 537, 407, 537, 409, 537, 410, 537, 412, 536, 413, 536, 413, 536, 413, 537, 413, 536, 413, 536, 413, 537, 411, 535, 410, 536, 410, 536, 409, 536, 409, 535, 409, 536, 410, 535, 411, 535, 412, 535, 414, 535, 415, 535, 416, 534, 417, 534, 418, 534, 419, 533, 419, 533, 419, 534, 419, 534, 419, 533, 420, 533, 422, 533, 423, 533, 425, 533, 428, 533, 430, 533, 431, 532, 433, 533, 435, 532, 436, 532, 
0, 440, 532, 440, 532, 440, 531, 440, 531, 440, 531, 440, 531, 440, 531, 440, 530, 440, 530, 440, 531, 440, 530, 439, 530, 439, 530, 438, 530, 438, 530, 438, 530, 438, 530, 438, 531, 438, 530, 437, 530, 437, 530, 437, 530, 437, 530, 437, 530, 437, 529, 436, 529, 436, 530, 435, 529, 435, 529, 435, 529, 435, 529, 435, 529, 435, 528, 436, 528, 438, 529, 439, 528, 439, 528, 440, 528, 441, 528, 442, 528, 443, 528, 444, 528, 446, 529, 448, 528, 450, 528, 452, 528, 454, 528, 456, 528, 458, 528, 458, 529, 458, 528, 458, 528, 458, 528, 457, 528, 457, 528, 456, 528, 456, 528, 456, 528, 456, 527, 456, 528, 
1, 456, 528, 456, 528, 456, 528, 456, 528, 456, 528, 456, 528, 455, 528, 455, 528, 455, 527, 456, 527, 456, 528, 456, 528, 456, 528, 456, 527, 457, 527, 457, 527, 457, 527, 458, 527, 462, 527, 464, 527, 470, 527, 486, 527, 495, 528, 502, 528, 506, 528, 514, 498, 536, 494, 593, 474, 701, 440, 1066, 308, 1235, 246, 1473, 191, 1611, 169, 1655, 200, 1533, 487, 1363, 567, 1037, 574, 810, 576, 726, 575, 601, 572, 554, 570, 484, 566, 439, 561, 423, 560, 410, 559, 391, 558, 379, 556, 375, 556, 369, 553, 367, 552, 364, 552, 363, 551, 362, 552, 361, 550, 361, 550, 361, 549, 360, 549, 360, 548, 360, 547, 363, 547, 
0, 371, 547, 373, 547, 375, 545, 376, 545, 376, 545, 377, 544, 377, 544, 377, 544, 377, 544, 377, 543, 378, 543, 380, 543, 380, 543, 380, 543, 380, 544, 380, 543, 380, 543, 380, 543, 380, 543, 380, 543, 380, 543, 380, 543, 380, 542, 380, 542, 381, 543, 382, 542, 384, 542, 384, 542, 386, 542, 386, 541, 387, 542, 387, 541, 387, 541, 389, 541, 390, 541, 391, 541, 393, 541, 394, 541, 396, 540, 398, 540, 399, 540, 401, 540, 402, 540, 402, 540, 403, 540, 403, 539, 403, 539, 402, 539, 401, 540, 401, 540, 401, 539, 401, 539, 401, 539, 401, 539, 401, 539, 401, 539, 401, 539, 401, 538, 401, 538, 402, 538, 
0, 407, 538, 408, 538, 410, 538, 411, 538, 413, 538, 415, 537, 415, 537, 417, 537, 417, 537, 418, 537, 418, 537, 418, 537, 417, 537, 417, 536, 417, 537, 415, 537, 413, 536, 412, 536, 412, 536, 412, 536, 411, 536, 411, 537, 412, 536, 412, 536, 412, 536, 412, 536, 413, 536, 412, 536, 412, 536, 411, 536, 410, 536, 410, 536, 409, 535, 408, 535, 407, 536, 406, 535, 405, 535, 405, 535, 404, 534, 404, 534, 404, 534, 403, 535, 402, 534, 402, 535, 402, 535, 402, 535, 402, 535, 402, 535, 402, 535, 402, 535, 404, 535, 405, 535, 405, 535, 407, 535, 408, 534, 408, 534, 409, 534, 411, 534, 412, 534, 414, 534, 
1, 416, 534, 416, 534, 415, 534, 415, 534, 414, 534, 414, 534, 414, 534, 414, 533, 414, 533, 415, 533, 415, 533, 417, 533, 418, 533, 419, 534, 421, 533, 424, 533, 428, 533, 430, 533, 435, 533, 439, 533, 448, 533, 459, 533, 473, 533, 478, 533, 490, 532, 501, 498, 531, 504, 624, 456, 892, 365, 1040, 311, 1263, 246, 1354, 238, 1501, 233, 1554, 293, 1507, 349, 1280, 458, 1119, 608, 865, 564, 695, 564, 632, 561, 540, 559, 507, 556, 459, 553, 427, 552, 416, 551, 398, 550, 387, 549, 381, 548, 377, 548, 376, 548, 375, 547, 375, 546, 375, 546, 376, 546, 377, 547, 378, 545, 381, 545, 384, 545, 389, 545, 393, 544, 
0, 414, 543, 421, 543, 426, 542, 431, 542, 434, 542, 437, 541, 438, 542, 439, 542, 439, 541, 438, 541, 436, 541, 431, 541, 427, 541, 424, 541, 419, 540, 415, 541, 413, 540, 411, 540, 409, 540, 408, 540, 407, 540, 405, 540, 405, 539, 406, 539, 406, 539, 405, 539, 403, 539, 402, 539, 401, 539, 401, 539, 400, 539, 400, 539, 398, 539, 398, 539, 396, 539, 394, 539, 392, 538, 390, 538, 389, 538, 387, 538, 386, 538, 385, 538, 383, 538, 382, 538, 382, 538, 381, 537, 381, 538, 381, 537, 381, 537, 381, 537, 381, 537, 381, 537, 381, 537, 381, 536, 380, 537, 380, 536, 380, 536, 380, 536, 380, 536, 380, 537, 
1, 380, 536, 380, 536, 380, 536, 380, 536, 380, 535, 380, 535, 379, 536, 379, 536, 379, 536, 379, 535, 379, 535, 379, 536, 379, 535, 379, 536, 378, 535, 378, 535, 378, 535, 378, 535, 378, 535, 378, 535, 378, 535, 378, 535, 378, 535, 378, 535, 378, 535, 383, 535, 385, 535, 389, 535, 394, 535, 396, 535, 401, 535, 408, 534, 416, 534, 428, 534, 437, 537, 469, 500, 484, 519, 497, 529, 498, 534, 490, 532, 473, 497, 462, 484, 445, 467, 432, 468, 427, 480, 426, 510, 432, 532, 455, 545, 472, 545, 478, 542, 501, 537, 541, 515, 682, 484, 796, 430, 1019, 268, 1108, 237, 1244, 182, 1280, 377, 1146, 569, 890, 576, 
0, 510, 553, 456, 551, 419, 561, 390, 550, 372, 545, 360, 542, 352, 541, 348, 539, 344, 538, 342, 538, 342, 537, 342, 537, 341, 536, 340, 536, 340, 536, 339, 534, 339, 534, 339, 534, 339, 534, 339, 533, 339, 532, 339, 532, 339, 532, 339, 532, 339, 531, 339, 531, 339, 531, 339, 530, 340, 530, 340, 530, 340, 530, 340, 530, 341, 530, 342, 530, 342, 530, 342, 529, 342, 529, 343, 528, 344, 528, 344, 528, 344, 528, 344, 528, 345, 528, 345, 528, 345, 528, 344, 529, 344, 528, 343, 528, 342, 527, 341, 527, 341, 527, 339, 528, 337, 527, 336, 527, 332, 527, 329, 527, 326, 526, 324, 527, 322, 527, 320, 527, 
0, 318, 513, 318, 513, 318, 513, 318, 514, 318, 514, 318, 513, 318, 513, 318, 513, 318, 513, 318, 513, 318, 513, 318, 513, 318, 513, 318, 513, 318, 514, 318, 513, 318, 513, 318, 513, 318, 513, 318, 513, 318, 513, 318, 513, 318, 513, 318, 513, 318, 513, 318, 513, 318, 514, 318, 514, 318, 514, 318, 513, 318, 513, 318, 513, 318, 512, 318, 512, 318, 512, 318, 511, 319, 512, 319, 512, 318, 512, 318, 512, 318, 512, 318, 512, 318, 512, 318, 512, 318, 512, 319, 511, 319, 511, 319, 511, 319, 511, 319, 511, 319, 511, 319, 511, 319, 512, 315, 515, 311, 518, 307, 516, 306, 515, 305, 521, 305, 525, 295, 528, 
0, 230, 532, 240, 530, 244, 530, 238, 530, 228, 549, 236, 568, 253, 584, 250, 603, 207, 606, 142, 607, 85, 599, 49, 578, 31, 551, 23, 541, 20, 595, 16, 620, 9, 658, 2, 661, 0, 656, 0, 676, 0, 669, 0, 662, -1, 671, -6, 689, -8, 695, -15, 709, -22, 707, -27, 702, -28, 705, -31, 704, -33, 705, -34, 706, -36, 694, -36, 691, -37, 689, -39, 688, -44, 684, -49, 676, -51, 678, -55, 679, -59, 677, -65, 675, -68, 670, -71, 663, -73, 660, -77, 655, -79, 651, -85, 650, -89, 643, -91, 643, -93, 638, -94, 639, -96, 639, -97, 636, -98, 636, -99, 636, -99, 636, -99, 636, -100, 633, -103, 633, 
0, -105, 625, -105, 623, -105, 624, -105, 621, -105, 619, -104, 620, -103, 620, -102, 619, -101, 618, -99, 617, -99, 622, -97, 625, -95, 623, -89, 621, -87, 620, -79, 621, -75, 618, -63, 606, -47, 604, -39, 608, -24, 611, -8, 608, 8, 609, 15, 609, 28, 613, 39, 626, 43, 631, 33, 618, 9, 590, -3, 641, -24, 652, -30, 677, -35, 732, -34, 718, -27, 693, -23, 689, -15, 680, -9, 675, -6, 679, -2, 672, -1, 668, 1, 661, 5, 656, 7, 656, 11, 654, 13, 658, 15, 659, 17, 659, 18, 658, 19, 656, 19, 657, 19, 657, 19, 657, 19, 656, 19, 655, 19, 656, 19, 649, 17, 645, 11, 643, 7, 661, 
0, 4, 701, -2, 722, -1, 724, 13, 728, 55, 665, 123, 624, 175, 591, 206, 560, 207, 558, 190, 557, 157, 552, 122, 554, 94, 574, 78, 603, 76, 614, 89, 621, 115, 647, 124, 683, 123, 708, 130, 725, 153, 694, 169, 619, 174, 611, 175, 630, 176, 669, 180, 658, 191, 644, 204, 629, 216, 599, 224, 597, 223, 603, 218, 625, 216, 645, 214, 679, 213, 692, 212, 709, 213, 716, 222, 718, 223, 715, 216, 711, 209, 709, 198, 707, 194, 709, 187, 713, 183, 708, 181, 707, 180, 706, 177, 703, 173, 709, 169, 626, 169, 493, 168, 455, 167, 433, 164, 401, 162, 399, 155, 419, 153, 428, 148, 434, 145, 472, 143, 489, 
