0, 74, 147, 61, 147, 68, 147, 67, 147, 59, 147, 67, 147, 84, 147, 86, 147, 81, 147, 84, 147, 76, 147, 59, 147, 58, 147, 75, 147, 84, 147, 79, 147, 91, 147, 91, 147, 79, 147, 62, 147, 68, 147, 69, 147, 57, 147, 69, 147, 90, 147, 90, 147, 92, 147, 93, 147, 79, 147, 59, 147, 55, 147, 78, 147, 94, 146, 82, 148, 101, 155, 120, 154, 111, 158, 82, 159, 94, 157, 96, 156, 114, 155, 85, 157, 146, 155, 167, 154, 156, 152, 145, 151, 122, 147, 74, 142, 80, 122, 154, 110, 201, 90, 244, 74, 209, 67, 231, 55, 223, 50, 172, 47, 200, 45, 193, 47, 123, 50, 138, 56, 
0, 46, 67, -6, 68, -56, 70, -24, 71, -19, 73, -9, 77, -6, 85, -34, 91, -43, 109, -69, 139, -111, 162, -143, 186, -109, 194, -105, 242, -115, 303, -140, 327, -151, 359, -180, 385, -220, 386, -249, 408, -207, 409, -198, 410, -183, 433, -192, 496, -213, 545, -246, 675, -281, 683, -307, 684, -293, 644, -259, 642, -239, 666, -253, 634, -269, 548, -302, 510, -326, 483, -309, 467, -272, 466, -230, 474, -225, 531, -246, 552, -274, 598, -258, 619, -261, 649, -240, 685, -263, 686, -225, 677, -208, 636, -217, 618, -245, 607, -220, 584, -207, 551, -246, 554, -206, 548, -174, 529, -156, 527, -195, 683, -201, 702, -243, 687, -258, 627, -231, 609, 
0, -238, 676, -291, 694, -289, 702, -237, 697, -267, 700, -224, 685, -224, 663, -228, 658, -260, 654, -250, 674, -264, 684, -305, 676, -281, 672, -239, 595, -210, 633, -204, 646, -224, 637, -262, 620, -264, 601, -244, 594, -186, 580, -174, 577, -197, 574, -195, 551, -226, 582, -278, 573, -284, 526, -252, 479, -183, 463, -147, 450, -167, 453, -160, 492, -191, 514, -250, 580, -193, 606, -177, 663, -225, 676, -171, 678, -145, 668, -139, 672, -183, 667, -164, 663, -187, 677, -181, 664, -150, 647, -135, 646, -136, 656, -158, 677, -183, 673, -228, 672, -249, 664, -227, 652, -150, 646, -120, 640, -123, 642, -138, 651, -149, 663, -195, 664, -234, 703, -235, 701, 
0, -169, 707, -208, 586, -185, 578, -193, 688, -236, 674, -198, 586, -129, 540, -103, 510, -105, 505, -95, 511, -102, 531, -93, 541, -130, 548, -106, 557, -53, 542, -18, 530, -31, 532, -51, 547, -67, 568, -84, 606, -134, 617, -109, 619, -47, 606, -41, 609, -34, 627, -46, 622, -44, 622, -50, 637, -100, 638, -97, 624, -94, 595, -49, 580, -71, 571, -76, 534, -111, 511, -150, 516, -208, 520, -170, 516, -146, 513, -176, 518, -130, 513, -102, 510, -126, 508, -116, 509, -146, 508, -191, 518, -200, 532, -175, 535, -111, 536, -93, 559, -105, 563, -112, 566, -136, 572, -166, 577, -176, 594, -112, 595, -72, 601, -84, 612, -33, 606, 0, 607, 
0, -85, 593, -93, 584, -41, 583, -14, 574, 12, 570, -2, 571, -15, 568, -44, 561, -77, 557, -36, 550, -29, 540, -5, 542, -28, 548, -9, 553, 14, 552, -32, 558, -38, 552, -74, 554, -134, 552, -146, 557, -123, 547, -60, 542, -61, 529, -82, 534, -75, 539, -101, 540, -156, 537, -124, 528, -108, 504, -138, 496, -89, 491, -49, 483, -29, 483, -46, 485, -41, 490, -51, 494, -100, 493, -97, 502, -56, 520, 2, 530, 9, 547, -22, 562, -42, 576, -78, 588, -134, 592, -154, 594, -106, 598, -99, 598, -129, 600, -120, 600, -117, 604, -156, 602, -172, 605, -190, 605, -181, 587, -209, 569, -172, 529, -137, 502, -128, 486, -125, 484, 
0, -61, 539, -24, 526, -2, 522, 17, 535, 6, 551, 13, 575, 8, 589, -5, 613, 2, 633, -11, 654, -35, 651, -33, 643, -9, 632, -10, 626, -15, 625, -19, 624, -30, 622, -49, 622, -67, 621, -46, 621, -35, 620, -11, 617, -13, 620, 3, 616, 27, 576, 35, 481, 56, 474, 67, 472, 76, 571, 40, 626, 61, 722, 94, 748, 71, 733, 56, 718, 31, 358, 5, 270, -30, 246, -38, 237, -12, 261, -2, 309, -16, 304, -1, 295, -3, 309, -10, 320, -22, 345, -1, 359, 3, 376, 13, 405, -1, 420, 32, 442, 50, 454, 41, 494, 46, 509, 33, 531, 9, 529, 3, 514, 8, 496, 23, 483, 47, 479, 55, 489, 
0, 10, 488, 22, 487, 56, 484, 94, 482, 102, 480, 83, 480, 60, 482, 88, 489, 96, 555, 37, 606, 54, 647, 112, 691, 103, 592, 93, 399, 70, 399, 92, 411, 101, 418, 124, 417, 163, 416, 150, 421, 190, 418, 200, 419, 157, 415, 96, 421, 133, 423, 139, 428, 173, 432, 143, 440, 192, 434, 176, 433, 132, 470, 91, 469, 140, 477, 142, 478, 160, 481, 170, 483, 155, 491, 157, 497, 138, 497, 83, 493, 34, 489, 41, 492, 83, 497, 148, 494, 153, 496, 142, 512, 149, 525, 113, 538, 101, 554, 42, 560, 64, 575, 132, 572, 151, 585, 141, 590, 144, 588, 136, 586, 94, 585, 67, 588, 113, 594, 139, 608, 
0, 83, 591, 57, 589, 52, 590, 107, 585, 126, 585, 141, 583, 133, 584, 124, 582, 107, 582, 89, 581, 59, 581, 72, 579, 86, 579, 102, 577, 110, 576, 95, 576, 74, 577, 54, 577, 57, 578, 92, 577, 107, 577, 101, 578, 110, 578, 97, 576, 83, 577, 74, 576, 50, 576, 62, 576, 96, 575, 112, 574, 108, 574, 102, 575, 84, 575, 59, 575, 50, 575, 58, 575, 93, 572, 101, 571, 93, 573, 103, 573, 98, 573, 76, 572, 52, 572, 75, 572, 83, 575, 97, 580, 86, 584, 106, 582, 105, 580, 83, 579, 92, 579, 79, 576, 49, 576, 51, 576, 102, 575, 113, 575, 111, 574, 103, 575, 88, 575, 83, 574, 
0, 108, 573, 92, 574, 81, 574, 53, 574, 55, 574, 92, 572, 109, 571, 113, 571, 99, 572, 90, 572, 66, 572, 48, 572, 51, 570, 90, 570, 109, 570, 94, 571, 109, 571, 106, 571, 87, 571, 82, 570, 54, 571, 87, 570, 102, 570, 83, 572, 100, 570, 103, 570, 91, 570, 69, 570, 54, 569, 85, 568, 62, 569, 82, 569, 101, 568, 115, 566, 107, 567, 105, 567, 86, 567, 54, 566, 53, 566, 67, 567, 104, 565, 106, 565, 91, 567, 94, 567, 91, 567, 67, 567, 46, 566, 79, 565, 96, 565, 111, 565, 99, 565, 102, 565, 99, 564, 76, 564, 48, 566, 67, 566, 78, 565, 58, 565, 90, 565, 114, 563, 
0, 52, 568, 82, 567, 94, 565, 79, 567, 107, 566, 120, 565, 99, 564, 97, 565, 86, 566, 56, 566, 51, 565, 86, 564, 108, 564, 119, 563, 104, 565, 108, 564, 90, 564, 59, 565, 82, 565, 85, 564, 61, 564, 84, 563, 100, 563, 111, 561, 89, 562, 67, 561, 75, 562, 47, 562, 59, 562, 72, 563, 113, 561, 112, 561, 93, 563, 91, 563, 77, 562, 53, 563, 73, 563, 78, 563, 102, 562, 80, 563, 101, 563, 113, 562, 95, 562, 87, 563, 76, 562, 76, 562, 52, 562, 67, 561, 102, 561, 117, 561, 103, 562, 87, 561, 71, 561, 47, 562, 64, 561, 75, 562, 53, 563, 77, 562, 97, 562, 106, 561, 
0, 65, 555, 110, 553, 125, 553, 139, 552, 131, 554, 117, 554, 89, 553, 63, 553, 92, 553, 100, 552, 74, 554, 103, 554, 120, 553, 116, 552, 97, 553, 97, 553, 86, 553, 50, 554, 68, 553, 111, 551, 122, 551, 105, 553, 104, 553, 85, 553, 58, 553, 46, 552, 82, 550, 97, 549, 70, 551, 100, 551, 118, 549, 103, 550, 75, 550, 87, 551, 82, 550, 52, 551, 61, 551, 107, 549, 121, 549, 117, 551, 118, 551, 98, 551, 62, 551, 49, 551, 83, 550, 107, 549, 92, 551, 119, 551, 119, 549, 93, 550, 63, 550, 78, 551, 80, 549, 55, 551, 76, 550, 114, 548, 122, 564, 120, 561, 101, 542, 88, 541, 
0, 118, 540, 107, 538, 80, 537, 53, 536, 42, 537, 57, 537, 81, 537, 105, 538, 108, 536, 89, 536, 59, 535, 46, 536, 53, 536, 77, 536, 111, 535, 118, 535, 110, 535, 96, 534, 55, 534, 62, 534, 104, 531, 124, 531, 107, 535, 117, 535, 113, 532, 95, 533, 58, 534, 58, 534, 76, 534, 104, 534, 120, 530, 100, 531, 111, 533, 102, 532, 100, 530, 68, 533, 103, 533, 131, 529, 134, 529, 115, 530, 83, 532, 63, 532, 74, 532, 110, 533, 151, 528, 149, 528, 124, 529, 92, 531, 108, 531, 64, 532, 66, 531, 93, 531, 124, 532, 131, 531, 115, 528, 80, 530, 89, 530, 53, 531, 76, 530, 121, 526, 
1, 76, 530, 68, 531, 83, 531, 125, 526, 146, 526, 144, 526, 114, 527, 79, 529, 64, 530, 79, 530, 120, 526, 137, 525, 134, 526, 134, 530, 129, 531, 105, 534, 63, 537, 74, 545, 95, 559, 125, 571, 133, 569, 122, 567, 101, 567, 61, 566, 96, 565, 113, 564, 145, 562, 128, 565, 150, 564, 150, 562, 137, 562, 106, 562, 132, 562, 151, 560, 186, 560, 174, 562, 214, 562, 260, 562, 567, 237, 1246, 87, 200, 78, 821, 68, 2401, 65, 3611, 59, 4621, 52, 4897, 51, 5256, 48, 5368, 46, 5300, 43, 5561, 41, 5953, 39, 5960, 40, 6210, 39, 6349, 37, 5813, 37, 5290, 36, 5848, 37, 5902, 36, 5504, 36, 6079, 37, 
0, 6138, 41, 6042, 48, 5560, 54, 6038, 108, 5182, 334, 3456, 524, 2248, 521, 1843, 517, 1225, 520, 976, 521, 681, 527, 501, 526, 446, 527, 320, 527, 230, 528, 166, 530, 144, 535, 176, 534, 179, 535, 168, 535, 159, 536, 145, 535, 120, 534, 84, 535, 84, 533, 132, 532, 156, 539, 139, 546, 153, 552, 148, 545, 119, 551, 136, 552, 130, 549, 141, 549, 115, 556, 159, 550, 164, 549, 157, 549, 158, 551, 137, 552, 92, 550, 82, 551, 129, 547, 156, 546, 138, 552, 161, 550, 164, 553, 129, 551, 97, 549, 127, 548, 137, 546, 106, 550, 147, 549, 174, 542, 155, 541, 129, 544, 136, 547, 122, 544, 77, 545, 90, 545, 
0, 153, 541, 166, 544, 156, 542, 153, 540, 119, 545, 143, 543, 176, 535, 173, 536, 173, 543, 151, 542, 106, 539, 82, 540, 132, 539, 148, 536, 182, 535, 177, 542, 188, 542, 160, 537, 119, 541, 143, 541, 140, 540, 105, 542, 134, 541, 180, 544, 193, 536, 172, 538, 178, 545, 153, 544, 102, 544, 109, 544, 164, 539, 186, 537, 183, 544, 194, 544, 183, 537, 154, 540, 168, 543, 160, 542, 168, 539, 136, 542, 173, 543, 199, 535, 181, 536, 175, 543, 154, 542, 150, 540, 157, 536, 181, 535, 158, 542, 196, 534, 181, 536, 154, 537, 173, 541, 164, 541, 161, 537, 184, 536, 170, 541, 198, 542, 193, 540, 164, 536, 
1, 186, 534, 207, 534, 189, 541, 197, 542, 169, 537, 131, 539, 101, 542, 106, 543, 168, 537, 198, 534, 195, 542, 204, 541, 182, 536, 158, 540, 122, 541, 164, 540, 171, 541, 193, 553, 192, 561, 168, 557, 156, 558, 142, 556, 100, 556, 93, 555, 142, 552, 172, 552, 194, 552, 183, 551, 154, 552, 162, 554, 157, 552, 172, 551, 140, 552, 229, 551, 934, 103, 2437, 77, 3203, 66, 3476, 60, 3825, 55, 4489, 49, 4357, 47, 5398, 44, 5912, 43, 6088, 42, 5935, 41, 5080, 39, 5082, 38, 5393, 38, 6054, 37, 6475, 36, 6424, 36, 6018, 35, 5563, 36, 6075, 37, 6051, 36, 5608, 36, 6188, 37, 6665, 36, 6601, 38, 6222, 41, 
0, 2369, 514, 1584, 509, 1058, 510, 725, 507, 575, 509, 431, 512, 348, 512, 288, 511, 229, 509, 190, 511, 163, 510, 170, 509, 177, 509, 188, 509, 181, 506, 153, 507, 116, 508, 108, 508, 129, 520, 164, 528, 173, 527, 136, 530, 98, 527, 89, 525, 108, 524, 142, 522, 163, 521, 165, 521, 161, 520, 144, 520, 143, 517, 159, 516, 145, 518, 171, 518, 177, 518, 156, 518, 135, 518, 137, 517, 160, 515, 150, 518, 178, 518, 184, 514, 159, 515, 165, 516, 145, 518, 101, 517, 115, 517, 133, 516, 172, 514, 178, 513, 173, 517, 173, 518, 153, 516, 145, 514, 161, 512, 137, 515, 164, 515, 182, 517, 171, 516, 143, 516, 
0, 148, 513, 121, 515, 118, 515, 162, 512, 179, 510, 193, 508, 194, 510, 178, 513, 157, 513, 146, 512, 110, 513, 126, 513, 156, 514, 173, 513, 176, 511, 160, 511, 117, 510, 108, 511, 152, 509, 172, 507, 187, 507, 182, 507, 173, 512, 164, 511, 148, 510, 106, 510, 110, 510, 147, 510, 178, 510, 184, 506, 186, 510, 175, 510, 139, 509, 109, 510, 116, 510, 162, 506, 181, 505, 193, 505, 170, 506, 173, 509, 149, 511, 103, 509, 104, 511, 136, 510, 182, 506, 189, 505, 179, 512, 173, 511, 142, 509, 109, 511, 111, 510, 135, 510, 179, 506, 168, 509, 179, 511, 175, 511, 149, 510, 114, 510, 131, 509, 134, 508, 
1, 170, 508, 167, 509, 142, 509, 109, 509, 89, 509, 101, 509, 146, 507, 168, 507, 155, 507, 161, 508, 145, 507, 119, 508, 101, 508, 141, 507, 108, 508, 137, 508, 159, 507, 178, 505, 161, 505, 166, 506, 157, 505, 149, 505, 116, 506, 159, 506, 214, 504, 237, 504, 232, 507, 243, 506, 212, 505, 195, 506, 286, 505, 995, 107, 2726, 82, 2405, 71, 3476, 64, 3954, 60, 3970, 55, 4496, 55, 4687, 51, 3895, 50, 4234, 47, 5196, 47, 5783, 44, 5789, 44, 6165, 43, 6070, 42, 5451, 40, 5066, 40, 5733, 40, 5924, 41, 5609, 40, 6198, 40, 6450, 44, 6307, 45, 5823, 53, 6150, 64, 5091, 75, 3988, 452, 3264, 518, 2232, 508, 
0, 541, 500, 494, 497, 395, 499, 330, 502, 282, 498, 237, 498, 209, 497, 149, 498, 163, 498, 151, 498, 124, 497, 143, 497, 174, 497, 164, 497, 170, 498, 156, 501, 141, 505, 96, 503, 106, 509, 153, 508, 171, 507, 160, 509, 171, 509, 150, 507, 117, 509, 125, 509, 122, 509, 134, 505, 112, 509, 156, 507, 174, 502, 167, 504, 160, 507, 136, 507, 90, 506, 93, 505, 138, 502, 172, 502, 167, 505, 198, 505, 177, 504, 144, 501, 113, 504, 144, 504, 151, 503, 124, 505, 159, 505, 191, 505, 191, 501, 163, 503, 185, 505, 162, 504, 115, 504, 137, 506, 193, 501, 204, 501, 199, 505, 198, 506, 197, 505, 151, 504, 
0, 206, 505, 224, 505, 196, 502, 159, 503, 175, 505, 165, 503, 183, 502, 159, 506, 205, 505, 213, 506, 184, 505, 164, 504, 161, 503, 184, 501, 203, 500, 218, 500, 204, 501, 168, 502, 130, 503, 170, 502, 151, 503, 207, 500, 232, 499, 219, 504, 212, 504, 176, 502, 127, 504, 157, 504, 173, 502, 147, 505, 175, 505, 203, 504, 209, 499, 176, 502, 182, 505, 166, 505, 119, 504, 138, 505, 190, 500, 216, 501, 216, 501, 219, 505, 195, 505, 153, 504, 126, 505, 162, 503, 180, 502, 158, 505, 186, 505, 199, 501, 180, 502, 176, 504, 161, 503, 152, 503, 127, 503, 159, 504, 203, 502, 209, 502, 205, 504, 193, 504, 
1, 138, 503, 167, 503, 196, 502, 183, 501, 179, 504, 165, 504, 150, 503, 153, 502, 120, 503, 160, 502, 180, 502, 185, 503, 166, 501, 129, 502, 113, 503, 149, 501, 126, 503, 152, 503, 190, 501, 183, 501, 152, 501, 157, 502, 147, 501, 106, 501, 121, 502, 175, 501, 205, 500, 199, 503, 225, 502, 235, 501, 227, 500, 681, 83, 1580, 71, 2165, 60, 2168, 57, 3770, 53, 4693, 51, 5270, 47, 5274, 44, 5642, 44, 5519, 43, 4848, 41, 5110, 39, 5899, 39, 6319, 39, 6310, 40, 6488, 37, 6182, 37, 5644, 37, 5319, 39, 5957, 40, 6086, 43, 5801, 45, 6274, 58, 6343, 97, 5427, 173, 3692, 531, 2416, 512, 2008, 510, 1377, 506, 
0, 321, 504, 305, 504, 249, 502, 202, 501, 198, 501, 199, 501, 187, 502, 160, 500, 144, 501, 107, 501, 111, 501, 142, 502, 178, 506, 194, 504, 183, 508, 158, 503, 132, 507, 182, 505, 207, 503, 231, 502, 221, 505, 232, 504, 210, 504, 172, 501, 139, 502, 179, 501, 196, 499, 174, 501, 222, 501, 224, 500, 215, 502, 196, 500, 147, 500, 139, 499, 161, 499, 207, 501, 229, 501, 228, 499, 198, 497, 156, 500, 150, 500, 203, 497, 227, 498, 203, 502, 227, 502, 221, 502, 187, 499, 151, 501, 186, 501, 187, 500, 219, 497, 233, 497, 228, 496, 222, 500, 197, 500, 155, 498, 134, 501, 190, 499, 217, 497, 235, 494, 
1, 150, 501, 198, 499, 157, 502, 190, 503, 230, 504, 238, 504, 218, 501, 181, 503, 148, 504, 181, 502, 176, 501, 191, 502, 201, 501, 179, 503, 161, 504, 150, 504, 140, 503, 108, 504, 125, 504, 153, 503, 186, 501, 176, 500, 156, 500, 161, 502, 149, 501, 164, 500, 207, 498, 259, 498, 274, 501, 960, 90, 1809, 67, 2689, 61, 2214, 57, 3127, 53, 4200, 47, 5183, 47, 5988, 43, 6021, 41, 6260, 41, 6130, 39, 5962, 38, 6030, 39, 6338, 36, 6741, 35, 6670, 35, 6679, 36, 6540, 38, 6199, 38, 5485, 38, 5766, 43, 6435, 49, 6675, 69, 6210, 212, 5113, 504, 3373, 492, 2230, 488, 1791, 487, 1219, 483, 1053, 481, 754, 483, 
0, 238, 479, 231, 478, 228, 474, 202, 475, 160, 473, 128, 476, 125, 475, 175, 472, 209, 477, 243, 479, 250, 484, 239, 483, 212, 492, 167, 485, 164, 485, 222, 482, 250, 480, 258, 479, 248, 483, 241, 483, 209, 480, 172, 483, 162, 483, 215, 479, 233, 478, 204, 482, 234, 482, 237, 480, 212, 477, 233, 479, 213, 479, 155, 480, 241, 475, 212, 479, 250, 475, 257, 475, 260, 479, 242, 479, 192, 478, 157, 478, 170, 479, 229, 474, 257, 473, 241, 478, 249, 478, 231, 478, 187, 477, 208, 479, 199, 476, 155, 479, 199, 479, 252, 474, 252, 473, 227, 475, 231, 479, 200, 479, 193, 477, 145, 479, 208, 475, 236, 474, 
0, 174, 477, 189, 476, 202, 476, 185, 478, 196, 478, 179, 478, 154, 477, 115, 477, 121, 477, 142, 476, 181, 473, 177, 474, 160, 475, 159, 476, 153, 475, 110, 475, 110, 475, 130, 476, 180, 474, 182, 473, 171, 475, 156, 474, 146, 474, 103, 474, 134, 473, 150, 472, 125, 473, 160, 473, 186, 473, 194, 472, 153, 473, 165, 474, 160, 473, 119, 474, 135, 474, 199, 472, 202, 472, 178, 474, 188, 475, 181, 475, 142, 474, 132, 475, 175, 474, 203, 473, 184, 475, 213, 475, 223, 473, 196, 474, 155, 475, 181, 476, 168, 475, 131, 476, 161, 476, 212, 474, 226, 474, 222, 476, 197, 476, 161, 476, 122, 477, 119, 475, 
1, 203, 473, 184, 473, 152, 473, 124, 474, 167, 473, 172, 472, 207, 472, 193, 474, 219, 474, 206, 474, 192, 474, 176, 473, 204, 472, 171, 475, 210, 475, 249, 475, 246, 475, 217, 474, 178, 474, 187, 474, 54, 100, 1632, 88, 3019, 71, 4107, 62, 4459, 61, 4940, 57, 5076, 54, 4276, 51, 5092, 50, 5384, 48, 5839, 46, 5899, 45, 6154, 44, 6081, 42, 5661, 41, 6023, 44, 5669, 43, 5750, 44, 5312, 44, 5971, 45, 6396, 54, 6337, 61, 5867, 106, 4928, 507, 3279, 495, 2196, 488, 1845, 484, 1256, 484, 1038, 484, 713, 482, 497, 480, 375, 479, 310, 475, 260, 474, 238, 476, 212, 474, 189, 473, 156, 472, 125, 472, 128, 472, 
0, 159, 476, 146, 476, 157, 476, 219, 476, 254, 474, 243, 477, 252, 479, 245, 477, 213, 479, 163, 477, 150, 475, 207, 472, 229, 472, 249, 472, 231, 472, 196, 474, 199, 475, 181, 475, 193, 473, 219, 471, 235, 471, 226, 471, 191, 472, 209, 475, 197, 475, 145, 475, 163, 475, 203, 475, 232, 475, 237, 470, 207, 471, 168, 472, 136, 474, 194, 471, 214, 469, 229, 468, 225, 473, 228, 472, 206, 469, 162, 471, 138, 471, 161, 471, 222, 467, 243, 467, 252, 466, 245, 471, 223, 471, 186, 469, 149, 470, 198, 470, 212, 466, 248, 466, 272, 465, 263, 470, 252, 470, 205, 467, 158, 469, 197, 468, 210, 468, 170, 472, 
0, 191, 471, 135, 472, 165, 472, 194, 472, 220, 467, 213, 470, 170, 471, 173, 472, 129, 473, 104, 473, 120, 473, 145, 473, 178, 470, 167, 472, 177, 473, 164, 470, 138, 470, 104, 471, 139, 470, 106, 471, 136, 472, 166, 471, 180, 471, 168, 470, 130, 471, 139, 472, 100, 471, 97, 471, 116, 471, 165, 469, 181, 466, 163, 466, 156, 467, 136, 466, 127, 466, 95, 467, 119, 468, 171, 466, 189, 466, 177, 468, 181, 468, 151, 467, 119, 468, 147, 468, 156, 465, 177, 465, 155, 466, 178, 466, 193, 466, 160, 465, 124, 466, 102, 467, 120, 468, 159, 467, 209, 465, 221, 464, 196, 465, 167, 467, 132, 467, 147, 467, 
1, 232, 467, 200, 467, 146, 467, 149, 467, 171, 467, 227, 465, 230, 464, 222, 465, 219, 467, 191, 467, 182, 466, 138, 467, 159, 467, 226, 465, 242, 465, 232, 465, 208, 466, 210, 467, 261, 466, 418, 85, 198, 74, 1770, 68, 2592, 60, 3133, 53, 3028, 51, 3714, 48, 4096, 45, 4237, 42, 4713, 40, 4450, 39, 5392, 37, 5991, 37, 5957, 36, 5539, 34, 5074, 33, 4954, 33, 5164, 33, 5943, 33, 6331, 33, 6361, 32, 6417, 33, 6114, 35, 5851, 36, 5736, 40, 5128, 40, 5634, 50, 6167, 57, 5820, 112, 4834, 318, 3219, 504, 2130, 494, 1692, 498, 1154, 501, 832, 500, 721, 496, 507, 494, 443, 496, 325, 497, 248, 496, 196, 494, 
0, 170, 487, 141, 485, 129, 484, 139, 481, 113, 484, 157, 485, 174, 484, 167, 483, 162, 484, 140, 486, 94, 484, 88, 483, 138, 479, 167, 476, 159, 481, 182, 483, 179, 480, 145, 479, 102, 480, 92, 482, 142, 480, 171, 477, 196, 475, 189, 476, 177, 481, 170, 481, 124, 480, 102, 480, 161, 478, 184, 476, 165, 481, 206, 479, 204, 474, 180, 475, 146, 476, 178, 477, 175, 474, 189, 472, 209, 472, 207, 472, 180, 474, 179, 477, 163, 477, 110, 476, 116, 477, 153, 477, 199, 476, 222, 475, 194, 475, 173, 474, 122, 474, 169, 473, 181, 471, 214, 469, 207, 474, 226, 474, 217, 470, 179, 472, 191, 475, 176, 473, 
0, 209, 476, 204, 478, 187, 478, 170, 477, 120, 477, 142, 475, 200, 473, 220, 473, 210, 474, 199, 476, 180, 475, 141, 475, 118, 474, 124, 474, 172, 472, 194, 471, 196, 471, 190, 475, 182, 473, 155, 473, 119, 474, 154, 473, 173, 471, 194, 471, 182, 473, 182, 473, 184, 471, 164, 471, 122, 472, 148, 471, 165, 470, 189, 469, 175, 472, 217, 469, 198, 469, 194, 472, 168, 471, 156, 471, 118, 471, 143, 470, 198, 470, 216, 470, 212, 471, 213, 472, 197, 471, 150, 471, 126, 471, 174, 470, 202, 469, 180, 471, 209, 471, 219, 470, 207, 469, 173, 470, 196, 470, 194, 469, 156, 470, 192, 470, 250, 467, 265, 467, 
1, 193, 470, 189, 469, 258, 468, 294, 467, 282, 470, 291, 470, 264, 468, 238, 468, 254, 469, 234, 468, 244, 467, 287, 466, 296, 466, 278, 467, 236, 468, 198, 469, 266, 468, 586, 226, 2198, 107, 2922, 86, 3777, 74, 4272, 71, 4751, 63, 4902, 57, 5096, 53, 4715, 50, 5355, 49, 5990, 46, 6249, 43, 6280, 43, 5586, 40, 5185, 43, 5285, 39, 6033, 41, 6325, 39, 6494, 40, 6265, 41, 5720, 42, 6093, 46, 5872, 52, 5956, 60, 6222, 67, 6485, 80, 6460, 99, 5588, 254, 4518, 477, 2964, 480, 2467, 477, 1667, 474, 1355, 473, 951, 471, 687, 472, 562, 470, 378, 470, 350, 469, 275, 466, 250, 467, 216, 470, 208, 469, 209, 465, 
0, 123, 464, 147, 464, 181, 462, 182, 463, 160, 465, 115, 470, 91, 470, 108, 472, 128, 470, 166, 472, 188, 470, 173, 469, 153, 468, 139, 466, 104, 468, 179, 464, 192, 464, 173, 464, 154, 465, 159, 467, 149, 466, 110, 467, 136, 467, 182, 466, 210, 467, 200, 463, 173, 465, 134, 465, 118, 467, 145, 466, 198, 461, 208, 462, 209, 467, 207, 468, 174, 464, 138, 466, 176, 466, 178, 464, 206, 461, 191, 467, 212, 467, 218, 461, 179, 463, 180, 466, 168, 465, 168, 463, 140, 464, 176, 465, 213, 465, 232, 459, 200, 461, 210, 465, 184, 465, 180, 462, 200, 459, 223, 458, 220, 464, 234, 464, 224, 463, 179, 462, 
1, 216, 465, 239, 458, 227, 459, 180, 462, 190, 466, 175, 464, 182, 462, 154, 466, 193, 467, 229, 467, 229, 462, 191, 465, 151, 466, 136, 466, 177, 464, 190, 463, 204, 462, 197, 466, 191, 464, 167, 463, 140, 463, 114, 464, 147, 462, 167, 462, 188, 462, 169, 464, 189, 464, 176, 463, 187, 464, 167, 465, 180, 464, 143, 465, 212, 465, 700, 112, 2109, 64, 2637, 54, 3292, 53, 4306, 49, 3857, 46, 4197, 44, 4674, 42, 5570, 41, 5432, 40, 6111, 38, 6418, 37, 6135, 35, 5610, 35, 5200, 35, 5922, 34, 6060, 33, 5825, 32, 6386, 33, 6729, 33, 6370, 33, 6515, 34, 6340, 37, 5436, 37, 5382, 43, 6097, 48, 6264, 71, 
0, 2306, 488, 1509, 486, 1280, 483, 900, 481, 659, 481, 557, 484, 420, 479, 357, 479, 255, 483, 251, 481, 216, 482, 176, 482, 189, 485, 210, 482, 203, 482, 196, 485, 178, 485, 158, 482, 118, 484, 130, 489, 175, 483, 192, 482, 185, 485, 204, 488, 183, 486, 144, 486, 124, 489, 167, 486, 137, 490, 164, 489, 202, 486, 218, 481, 207, 482, 202, 486, 179, 485, 175, 483, 138, 484, 165, 484, 216, 481, 205, 484, 213, 482, 204, 484, 171, 483, 124, 484, 172, 482, 180, 480, 158, 483, 208, 483, 231, 482, 223, 480, 186, 478, 208, 480, 198, 479, 144, 481, 166, 481, 207, 480, 243, 474, 225, 479, 221, 479, 201, 478, 
0, 200, 478, 241, 472, 235, 473, 230, 478, 198, 477, 153, 475, 126, 475, 180, 472, 208, 470, 192, 477, 219, 476, 221, 471, 194, 473, 144, 475, 174, 475, 169, 472, 136, 477, 172, 476, 206, 477, 223, 473, 192, 473, 197, 475, 169, 475, 156, 473, 123, 474, 151, 474, 182, 474, 201, 472, 180, 472, 167, 474, 149, 473, 108, 473, 106, 474, 154, 471, 194, 471, 179, 473, 199, 473, 182, 472, 157, 471, 126, 472, 159, 472, 163, 470, 131, 472, 177, 473, 202, 472, 209, 469, 177, 470, 180, 472, 167, 472, 168, 471, 131, 473, 187, 471, 214, 471, 218, 471, 209, 473, 182, 472, 146, 472, 116, 472, 165, 471, 195, 471, 
1, 200, 471, 176, 472, 169, 470, 129, 471, 148, 472, 197, 472, 227, 470, 212, 469, 213, 471, 175, 471, 166, 471, 130, 471, 139, 471, 194, 469, 221, 468, 227, 469, 218, 471, 204, 471, 157, 470, 155, 470, -390, 186, 1354, 153, 2646, 115, 3753, 103, 4205, 102, 4738, 95, 4231, 84, 4389, 70, 5224, 69, 5564, 62, 6088, 58, 6086, 58, 6498, 54, 6351, 50, 6113, 47, 5278, 46, 5393, 42, 5763, 43, 6366, 41, 6650, 41, 6507, 40, 6022, 41, 5458, 43, 6016, 45, 5646, 50, 6362, 55, 6613, 66, 6544, 77, 6466, 115, 5061, 195, 3531, 439, 2855, 449, 1946, 444, 1347, 440, 1131, 437, 765, 439, 521, 435, 461, 436, 345, 433, 292, 432, 
0, 164, 427, 150, 423, 162, 421, 134, 425, 173, 427, 184, 423, 164, 420, 139, 431, 96, 432, 140, 429, 151, 429, 119, 431, 171, 430, 196, 430, 183, 426, 138, 427, 158, 428, 146, 425, 165, 422, 141, 426, 195, 426, 231, 420, 229, 421, 185, 423, 152, 425, 130, 426, 161, 426, 201, 426, 234, 424, 226, 424, 209, 424, 135, 423, 156, 424, 193, 423, 238, 424, 235, 423, 218, 423, 190, 423, 191, 420, 211, 418, 245, 418, 245, 419, 218, 420, 222, 425, 178, 425, 163, 423, 144, 425, 175, 423, 196, 423, 179, 423, 118, 422, 110, 422, 127, 422, 174, 420, 183, 420, 183, 420, 156, 420, 131, 420, 109, 421, 118, 420, 
0, 182, 427, 156, 427, 143, 427, 157, 426, 131, 427, 159, 428, 182, 426, 174, 426, 148, 427, 156, 428, 140, 427, 102, 428, 110, 427, 171, 425, 179, 426, 168, 433, 147, 432, 106, 432, 128, 432, 133, 430, 147, 431, 163, 430, 160, 430, 143, 431, 142, 431, 125, 431, 93, 432, 96, 434, 133, 434, 143, 436, 128, 437, 133, 434, 113, 423, 92, 414, 64, 407, 80, 412, 87, 419, 99, 417, 89, 412, 102, 413, 92, 423, 82, 435, 70, 428, 34, 426, 26, 425, 56, 426, 67, 437, 61, 495, 46, 787, 32, 779, 22, 698, 35, 681, 36, 682, 45, 655, 28, 629, 48, 589, 69, 570, 60, 539, 44, 546, 10, 524, 
0, -42, 617, -57, 601, -103, 597, -111, 591, -133, 578, -138, 569, -170, 562, -160, 529, -167, 504, -167, 495, -199, 495, -210, 498, -228, 470, -264, 457, -241, 455, -196, 419, -177, 380, -177, 384, -187, 394, -216, 434, -196, 492, -180, 581, -152, 589, -166, 580, -146, 568, -142, 569, -164, 564, -169, 562, -187, 568, -185, 566, -213, 566, -193, 562, -178, 559, -179, 554, -191, 550, -194, 545, -173, 547, -146, 548, -156, 550, -131, 553, -126, 547, -146, 546, -171, 545, -158, 545, -156, 546, -188, 545, -175, 543, -160, 541, -146, 541, -161, 541, -152, 541, -164, 543, -163, 541, -186, 543, -151, 546, -129, 553, -132, 560, -141, 557, -167, 558, -193, 554, 
0, -141, 539, -172, 545, -174, 534, -151, 539, -123, 551, -121, 546, -118, 542, -142, 541, -148, 534, -176, 534, -155, 532, -138, 528, -134, 524, -129, 522, -142, 519, -156, 505, -152, 483, -145, 506, -132, 467, -128, 426, -98, 385, -88, 355, -106, 348, -95, 333, -58, 327, -31, 324, -36, 319, -15, 317, -7, 318, -12, 323, -37, 327, -29, 329, -36, 329, -21, 327, -30, 326, -7, 324, 19, 322, 22, 321, 10, 321, -7, 319, 13, 319, 14, 318, 33, 315, 52, 316, 66, 313, 67, 313, 72, 314, 83, 313, 1518, 219, 967, 138, 1652, 128, 1881, 170, 1872, 251, 1455, 600, 962, 567, 645, 514, 477, 619, 339, 702, 270, 708, 284, 702, 
0, 147, 551, 269, 524, 396, 521, 430, 572, 417, 620, 418, 635, 374, 650, 376, 648, 408, 653, 344, 668, 371, 719, 325, 716, 278, 705, 192, 684, 148, 651, 209, 577, 216, 501, 181, 468, 127, 457, 99, 451, 50, 446, 25, 439, 17, 439, -5, 441, 3, 439, 14, 435, 23, 433, 18, 432, 4, 431, 6, 430, 0, 429, -19, 429, -14, 428, 14, 429, 26, 430, 28, 435, 17, 424, 9, 410, 10, 375, -12, 367, -10, 351, 7, 347, 46, 356, 32, 353, 53, 364, 55, 446, 44, 508, 18, 539, 31, 553, 25, 605, 39, 596, 22, 601, 59, 623, 74, 584, 86, 530, 75, 514, 73, 511, 67, 466, 80, 330, 126, 206, 
0, 199, 188, 205, 171, 149, 165, 193, 156, 253, 152, 305, 148, 279, 147, 263, 150, 228, 153, 212, 161, 159, 166, 176, 174, 209, 188, 247, 193, 220, 197, 173, 205, 172, 213, 151, 237, 104, 254, 116, 299, 133, 364, 155, 411, 129, 497, 116, 522, 90, 488, 65, 469, 47, 435, 44, 418, 64, 414, 69, 409, 59, 399, 58, 392, 51, 388, 33, 383, 34, 379, 29, 376, 30, 373, 16, 372, 34, 372, 49, 375, 56, 387, 49, 400, 39, 487, 22, 528, 10, 576, 41, 596, 74, 568, 112, 498, 107, 442, 129, 318, 140, 273, 127, 224, 115, 201, 151, 195, 171, 191, 147, 192, 187, 197, 229, 201, 214, 212, 174, 231, 
0, 178, 319, 158, 328, 174, 365, 176, 379, 140, 447, 129, 478, 103, 523, 73, 526, 69, 532, 97, 533, 97, 538, 90, 535, 78, 529, 73, 518, 59, 514, 40, 508, 54, 504, 62, 498, 78, 497, 72, 498, 89, 492, 93, 490, 73, 486, 70, 496, 57, 508, 30, 506, 45, 503, 92, 498, 112, 461, 99, 417, 119, 318, 115, 267, 98, 197, 72, 142, 117, 125, 149, 100, 119, 96, 178, 88, 233, 84, 220, 79, 199, 75, 207, 74, 199, 72, 148, 71, 162, 72, 238, 72, 268, 77, 236, 82, 247, 97, 217, 123, 178, 139, 127, 179, 153, 203, 144, 243, 115, 247, 131, 242, 148, 245, 130, 239, 105, 234, 104, 233, 
0, 121, 218, 122, 217, 111, 217, 96, 217, 70, 217, 50, 214, 55, 199, 100, 190, 121, 144, 105, 135, 124, 132, 131, 151, 104, 181, 120, 181, 136, 158, 106, 150, 157, 141, 212, 143, 259, 144, 249, 146, 223, 149, 177, 158, 208, 166, 204, 182, 204, 207, 198, 244, 163, 261, 143, 260, 115, 267, 84, 268, 65, 268, 62, 291, 77, 286, 86, 280, 90, 279, 82, 277, 67, 276, 51, 275, 62, 273, 65, 272, 71, 271, 77, 270, 70, 272, 69, 271, 58, 270, 50, 270, 50, 270, 55, 270, 47, 269, 59, 269, 62, 269, 61, 269, 50, 268, 34, 267, 30, 268, 35, 267, 47, 267, 57, 267, 55, 267, 42, 266, 
0, 43, 265, 42, 265, 38, 264, 29, 264, 19, 264, 14, 264, 20, 264, 34, 264, 42, 264, 42, 264, 34, 263, 27, 264, 26, 263, 29, 263, 39, 263, 35, 263, 42, 262, 42, 262, 34, 262, 23, 262, 14, 262, 28, 261, 34, 261, 40, 260, 44, 260, 39, 260, 28, 260, 19, 260, 28, 260, 32, 260, 40, 260, 43, 260, 40, 259, 29, 259, 26, 260, 21, 260, 24, 259, 30, 259, 35, 259, 38, 259, 37, 259, 36, 259, 30, 259, 19, 259, 13, 258, 25, 258, 32, 258, 38, 258, 40, 257, 38, 258, 24, 258, 24, 258, 22, 258, 27, 258, 21, 258, 28, 258, 32, 258, 32, 258, 25, 257, 22, 258, 
0, 39, 258, 36, 257, 28, 258, 23, 257, 10, 257, 18, 257, 30, 257, 35, 257, 39, 257, 31, 256, 21, 257, 11, 257, 13, 256, 20, 257, 28, 256, 33, 256, 34, 256, 25, 256, 17, 256, 11, 255, 17, 255, 32, 255, 40, 255, 39, 255, 31, 255, 30, 255, 25, 256, 13, 255, 12, 256, 25, 255, 27, 255, 39, 255, 37, 255, 32, 255, 24, 254, 11, 254, 16, 254, 21, 254, 33, 254, 32, 254, 31, 254, 26, 254, 24, 254, 13, 254, 18, 254, 30, 254, 34, 254, 38, 253, 31, 254, 20, 253, 22, 254, 21, 253, 24, 253, 20, 253, 31, 254, 42, 253, 37, 254, 29, 254, 29, 253, 23, 253, 
0, 36, 253, 36, 253, 29, 253, 23, 253, 14, 253, 9, 253, 23, 252, 31, 252, 35, 252, 32, 252, 28, 252, 25, 252, 16, 253, 9, 253, 12, 253, 26, 253, 36, 253, 41, 253, 36, 253, 34, 253, 26, 253, 11, 253, 8, 253, 19, 252, 28, 252, 24, 253, 32, 252, 37, 252, 27, 253, 26, 253, 23, 253, 12, 252, 14, 252, 22, 252, 38, 252, 38, 252, 37, 252, 35, 252, 26, 252, 16, 252, 9, 252, 20, 252, 28, 252, 20, 252, 30, 252, 35, 252, 33, 252, 22, 252, 12, 252, 18, 252, 9, 252, 16, 252, 26, 252, 33, 252, 31, 252, 31, 252, 28, 252, 22, 252, 10, 252, 14, 252, 
