0, 217, 220, 217, 220, 216, 220, 216, 220, 216, 219, 216, 220, 217, 220, 217, 220, 217, 220, 217, 220, 217, 220, 217, 220, 216, 220, 215, 219, 215, 220, 214, 220, 213, 219, 212, 220, 211, 220, 210, 219, 209, 220, 209, 220, 208, 220, 208, 221, 207, 220, 207, 220, 206, 221, 206, 221, 208, 219, 209, 219, 214, 219, 223, 219, 257, 227, 267, 238, 278, 236, 288, 233, 291, 232, 286, 235, 275, 235, 241, 230, 226, 223, 212, 223, 208, 223, 207, 225, 205, 241, 204, 248, 197, 273, 194, 287, 185, 316, 180, 332, 168, 358, 162, 353, 147, 309, 127, 297, 116, 293, 91, 299, 80, 305, 59, 314, 49, 333, 27, 358, 
0, -21, 334, -25, 331, -31, 316, -34, 304, -39, 292, -46, 282, -50, 283, -60, 292, -65, 304, -77, 323, -83, 335, -93, 352, -98, 350, -105, 366, -109, 368, -110, 371, -110, 377, -108, 370, -106, 359, -100, 343, -93, 346, -90, 348, -84, 360, -80, 368, -72, 390, -68, 404, -60, 416, -53, 442, -51, 451, -47, 465, -43, 484, -42, 492, -41, 497, -39, 504, -38, 505, -35, 508, -31, 506, -29, 500, -27, 502, -26, 505, -24, 514, -23, 520, -24, 530, -25, 540, -28, 541, -39, 550, -38, 569, -41, 602, -43, 606, -48, 604, -52, 601, -60, 573, -63, 588, -71, 570, -76, 597, -84, 608, -89, 621, -91, 626, -92, 635, -91, 637, 
0, -104, 653, -107, 663, -105, 676, -102, 704, -101, 708, -98, 713, -95, 712, -89, 703, -82, 677, -77, 649, -69, 609, -66, 593, -62, 576, -53, 584, -39, 613, -34, 631, -30, 639, -26, 588, -25, 570, -23, 543, -18, 541, -15, 539, -14, 533, -14, 524, -14, 521, -16, 522, -11, 527, -7, 541, 8, 537, 11, 541, 7, 536, 0, 532, -3, 528, -4, 533, -8, 545, -16, 547, -28, 545, -67, 556, -118, 544, -132, 541, -165, 528, -152, 529, -106, 553, -63, 554, -46, 553, -15, 559, 5, 580, 12, 587, 21, 589, 24, 591, 27, 603, 25, 606, 6, 671, -3, 689, -24, 689, -38, 687, -53, 672, -82, 658, -101, 656, -148, 637, 
0, -175, 625, -174, 642, -174, 667, -182, 689, -191, 681, -204, 652, -221, 698, -230, 717, -243, 710, -245, 697, -243, 665, -227, 663, -200, 657, -172, 643, -161, 644, -144, 646, -138, 647, -131, 651, -129, 661, -128, 673, -128, 674, -130, 685, -140, 677, -148, 665, -169, 649, -180, 629, -190, 570, -190, 531, -189, 512, -176, 485, -160, 473, -121, 465, -98, 448, -58, 475, -46, 498, -27, 478, -5, 526, 8, 508, 22, 550, 22, 606, 5, 697, -5, 709, -14, 668, -37, 682, -45, 597, -64, 589, -65, 645, -58, 689, -56, 658, -60, 630, -76, 623, -86, 617, -108, 633, -117, 626, -130, 635, -134, 658, -135, 670, -135, 678, -132, 684, -131, 690, 
0, -151, 706, -155, 715, -159, 717, -157, 706, -150, 712, -144, 707, -131, 716, -118, 712, -113, 717, -104, 719, -98, 715, -95, 713, -88, 714, -86, 717, -78, 706, -68, 705, -62, 705, -53, 689, -47, 673, -44, 667, -39, 662, -33, 652, -27, 647, -23, 646, -15, 632, -11, 628, -8, 624, -3, 621, -1, 621, 0, 628, 0, 630, 0, 643, 0, 650, 0, 672, 0, 687, 0, 682, 0, 684, 0, 680, 0, 680, 3, 674, 6, 666, 13, 655, 22, 636, 30, 631, 34, 628, 39, 629, 40, 633, 42, 636, 43, 651, 43, 659, 43, 675, 42, 685, 41, 684, 38, 678, 28, 672, 13, 654, 6, 667, 0, 693, 0, 698, 1, 701, 
0, 1, 665, 16, 664, 31, 664, 35, 662, 38, 653, 39, 649, 40, 636, 41, 630, 41, 627, 40, 625, 39, 628, 34, 643, 32, 656, 28, 676, 26, 687, 20, 709, 1, 722, -9, 717, -25, 719, -31, 721, -37, 720, -39, 718, -44, 718, -47, 718, -54, 716, -57, 718, -56, 714, -55, 713, -54, 712, -54, 712, -52, 711, -49, 714, -45, 711, -42, 709, -43, 711, -45, 716, -43, 712, -42, 716, -56, 702, -67, 692, -83, 681, -94, 679, -98, 677, -97, 678, -96, 681, -99, 674, -100, 675, -110, 672, -114, 677, -118, 696, -123, 717, -125, 717, -123, 689, -117, 681, -98, 662, -84, 661, -51, 658, -34, 658, -2, 661, 13, 670, 
0, 86, 682, 87, 682, 87, 682, 87, 681, 87, 681, 86, 681, 86, 681, 86, 681, 85, 680, 84, 680, 84, 681, 83, 681, 83, 682, 83, 681, 83, 682, 82, 681, 82, 682, 82, 681, 82, 680, 82, 680, 82, 680, 82, 680, 82, 681, 82, 680, 82, 680, 82, 680, 82, 680, 82, 681, 83, 680, 83, 680, 84, 681, 85, 681, 86, 680, 88, 680, 90, 680, 91, 680, 93, 680, 94, 680, 95, 680, 95, 680, 96, 680, 97, 680, 98, 680, 98, 680, 98, 680, 97, 679, 97, 680, 98, 680, 98, 680, 98, 680, 98, 680, 98, 680, 98, 680, 98, 680, 98, 680, 97, 680, 97, 680, 97, 680, 97, 680, 98, 680, 
1, 99, 680, 99, 680, 99, 679, 99, 679, 99, 679, 99, 679, 99, 679, 99, 679, 99, 679, 99, 680, 99, 679, 99, 680, 99, 679, 99, 678, 99, 679, 99, 679, 99, 677, 99, 678, 99, 678, 99, 678, 98, 678, 98, 677, 98, 677, 98, 676, 98, 676, 99, 676, 99, 676, 101, 676, 104, 675, 106, 675, 110, 676, 112, 676, 115, 675, 116, 675, 118, 676, 119, 675, 120, 676, 121, 677, 121, 676, 122, 677, 122, 676, 122, 675, 122, 675, 123, 675, 124, 675, 128, 675, 132, 675, 134, 676, 148, 676, 168, 678, 363, 406, 481, 270, 946, 146, 1382, 135, 1562, 131, 1858, 121, 2091, 112, 2192, 108, 2374, 102, 2681, 98, 
0, 3233, 87, 3308, 86, 3426, 86, 3470, 87, 3533, 88, 3570, 97, 3574, 105, 3427, 168, 2986, 444, 2044, 665, 1675, 652, 1125, 649, 763, 649, 634, 649, 449, 650, 382, 650, 284, 648, 249, 649, 197, 647, 179, 647, 153, 648, 135, 647, 124, 648, 117, 647, 114, 646, 112, 646, 113, 644, 114, 644, 115, 644, 116, 643, 116, 642, 116, 643, 116, 642, 117, 642, 117, 642, 118, 641, 118, 642, 118, 641, 119, 641, 119, 641, 119, 640, 120, 641, 120, 640, 120, 641, 120, 641, 120, 640, 121, 640, 121, 640, 121, 640, 122, 640, 124, 640, 125, 641, 128, 639, 129, 639, 132, 639, 135, 639, 136, 638, 137, 638, 138, 638, 138, 638, 
0, 139, 638, 140, 638, 141, 637, 142, 638, 142, 637, 142, 637, 142, 637, 143, 637, 145, 637, 146, 636, 150, 636, 152, 637, 155, 637, 158, 636, 160, 635, 164, 635, 166, 635, 169, 635, 171, 635, 173, 635, 175, 634, 176, 634, 176, 634, 177, 633, 177, 634, 178, 634, 178, 634, 178, 634, 178, 634, 178, 634, 178, 633, 178, 634, 180, 633, 181, 632, 181, 632, 181, 632, 182, 632, 182, 632, 183, 632, 183, 631, 184, 631, 184, 631, 184, 632, 184, 632, 184, 632, 184, 632, 184, 632, 183, 631, 183, 631, 183, 631, 183, 631, 183, 631, 183, 631, 183, 630, 184, 630, 184, 631, 184, 630, 184, 630, 184, 630, 184, 630, 
0, 185, 629, 185, 629, 185, 629, 185, 628, 185, 629, 185, 629, 185, 628, 186, 628, 186, 629, 188, 629, 188, 629, 189, 629, 189, 629, 190, 628, 192, 628, 195, 628, 203, 627, 209, 628, 211, 628, 209, 628, 207, 628, 204, 627, 202, 628, 199, 628, 196, 627, 194, 627, 194, 627, 194, 627, 194, 626, 195, 626, 196, 626, 196, 627, 196, 627, 196, 627, 196, 626, 197, 626, 197, 626, 198, 626, 198, 626, 198, 626, 198, 628, 199, 628, 201, 627, 202, 627, 203, 627, 203, 627, 204, 627, 205, 627, 207, 627, 209, 627, 211, 626, 212, 626, 213, 626, 213, 625, 214, 625, 214, 625, 214, 625, 214, 625, 213, 625, 211, 625, 
1, 210, 624, 209, 624, 208, 624, 207, 625, 207, 624, 207, 624, 207, 624, 208, 624, 209, 624, 210, 624, 211, 624, 213, 624, 213, 624, 215, 624, 215, 624, 216, 624, 217, 623, 219, 623, 224, 623, 234, 624, 265, 625, 300, 626, 495, 412, 763, 228, 1075, 183, 1358, 162, 1490, 152, 1748, 132, 1882, 123, 2246, 104, 2448, 95, 2536, 91, 2789, 87, 2942, 84, 3209, 81, 3479, 80, 3684, 78, 3808, 78, 4004, 77, 4142, 78, 4192, 77, 4266, 79, 4314, 83, 4344, 99, 4352, 114, 4007, 195, 3468, 451, 2392, 630, 1967, 625, 1330, 623, 1098, 622, 760, 619, 538, 620, 459, 620, 344, 622, 270, 620, 244, 620, 206, 622, 182, 622, 173, 621, 
0, 141, 622, 140, 621, 139, 620, 138, 621, 138, 621, 138, 620, 138, 620, 138, 620, 138, 620, 138, 620, 138, 620, 138, 620, 138, 619, 138, 619, 138, 619, 138, 619, 138, 619, 138, 619, 138, 620, 138, 620, 138, 620, 139, 619, 139, 618, 139, 619, 139, 618, 139, 618, 139, 618, 139, 618, 139, 617, 140, 616, 140, 617, 141, 617, 141, 617, 142, 617, 142, 617, 142, 617, 143, 616, 144, 616, 146, 615, 146, 617, 148, 615, 149, 616, 150, 616, 151, 616, 151, 616, 151, 616, 153, 616, 154, 616, 155, 616, 155, 616, 156, 615, 156, 616, 156, 615, 157, 615, 157, 614, 158, 615, 158, 615, 158, 615, 158, 615, 158, 615, 
0, 158, 614, 158, 614, 158, 615, 158, 614, 158, 614, 158, 615, 158, 614, 158, 615, 158, 614, 158, 614, 159, 614, 159, 615, 159, 615, 159, 615, 161, 615, 161, 615, 161, 614, 163, 614, 164, 614, 164, 614, 166, 614, 168, 614, 168, 614, 170, 614, 171, 614, 173, 614, 173, 613, 174, 613, 174, 613, 174, 612, 175, 613, 177, 613, 177, 613, 177, 613, 177, 613, 177, 612, 177, 613, 177, 612, 177, 612, 178, 612, 178, 612, 179, 612, 180, 612, 182, 611, 183, 612, 184, 612, 184, 611, 184, 611, 184, 611, 184, 611, 184, 611, 184, 611, 184, 611, 184, 611, 184, 612, 184, 612, 183, 612, 184, 612, 184, 611, 185, 611, 
0, 188, 612, 190, 612, 190, 612, 192, 612, 193, 611, 193, 611, 194, 611, 194, 612, 194, 612, 194, 612, 194, 612, 195, 612, 195, 612, 195, 611, 195, 612, 195, 612, 196, 613, 196, 612, 197, 613, 197, 613, 197, 613, 197, 612, 197, 612, 197, 612, 197, 612, 198, 611, 198, 611, 198, 611, 198, 611, 198, 612, 198, 612, 198, 611, 198, 611, 198, 611, 198, 611, 198, 610, 198, 611, 198, 610, 198, 610, 198, 610, 198, 610, 198, 610, 198, 610, 198, 611, 198, 611, 198, 610, 198, 610, 198, 610, 198, 610, 198, 610, 198, 610, 198, 610, 198, 610, 198, 610, 198, 610, 198, 610, 198, 610, 198, 610, 199, 609, 199, 609, 
1, 200, 610, 201, 610, 201, 609, 202, 609, 202, 609, 203, 609, 204, 609, 205, 609, 205, 609, 205, 609, 206, 609, 206, 609, 207, 609, 209, 609, 208, 609, 207, 608, 207, 609, 208, 609, 211, 609, 215, 608, 217, 609, 225, 611, 231, 611, 258, 614, 457, 252, 699, 165, 1427, 148, 1770, 145, 2280, 132, 2476, 123, 2849, 110, 2990, 105, 3182, 97, 3373, 91, 3473, 88, 3690, 85, 3779, 84, 3922, 83, 4036, 82, 4081, 81, 4151, 81, 4180, 80, 4233, 81, 4271, 81, 4287, 81, 4329, 82, 4345, 83, 4372, 89, 4381, 93, 4393, 105, 4367, 134, 4321, 163, 3378, 316, 2858, 610, 1957, 610, 1615, 609, 1108, 607, 774, 606, 654, 606, 477, 605, 
0, 202, 600, 194, 600, 182, 599, 173, 601, 168, 601, 166, 601, 163, 601, 162, 601, 161, 601, 161, 601, 160, 600, 160, 600, 160, 599, 160, 600, 160, 600, 160, 600, 160, 599, 160, 599, 160, 599, 160, 598, 160, 598, 160, 599, 160, 600, 161, 599, 163, 599, 165, 599, 167, 598, 168, 598, 170, 597, 171, 597, 173, 596, 173, 596, 173, 596, 173, 596, 174, 596, 174, 596, 175, 595, 177, 595, 178, 595, 179, 595, 180, 595, 182, 595, 186, 596, 189, 596, 192, 596, 194, 595, 196, 596, 197, 596, 199, 597, 200, 597, 203, 598, 206, 598, 209, 597, 211, 598, 213, 597, 215, 597, 216, 597, 216, 597, 215, 597, 215, 597, 
1, 213, 596, 212, 595, 212, 595, 212, 594, 211, 594, 211, 594, 210, 595, 210, 595, 210, 595, 210, 595, 210, 595, 210, 596, 211, 596, 212, 595, 212, 596, 212, 595, 213, 594, 213, 595, 214, 595, 214, 595, 214, 594, 215, 594, 216, 594, 217, 594, 218, 594, 224, 595, 236, 596, 262, 598, 408, 336, 598, 187, 1024, 159, 1197, 152, 1504, 141, 1646, 133, 1924, 116, 2176, 104, 2472, 96, 2631, 93, 2880, 89, 3139, 84, 3280, 82, 3397, 81, 3498, 80, 3579, 80, 3640, 80, 3665, 80, 3705, 81, 3734, 83, 3744, 89, 3730, 104, 3714, 118, 3664, 142, 3146, 262, 2265, 600, 1557, 592, 1292, 595, 895, 599, 751, 597, 538, 598, 401, 595, 
0, 190, 600, 175, 601, 164, 601, 158, 599, 154, 598, 150, 598, 147, 597, 146, 598, 146, 596, 146, 597, 147, 596, 148, 596, 150, 596, 151, 597, 154, 596, 155, 596, 157, 596, 159, 597, 163, 596, 165, 595, 167, 596, 171, 595, 174, 595, 175, 594, 177, 595, 178, 595, 179, 596, 179, 596, 181, 595, 183, 595, 187, 595, 193, 595, 195, 595, 201, 595, 204, 596, 209, 595, 211, 596, 214, 595, 216, 596, 216, 596, 216, 596, 217, 595, 217, 595, 217, 595, 217, 596, 218, 595, 218, 595, 218, 594, 218, 594, 218, 595, 218, 595, 218, 595, 219, 596, 219, 595, 219, 595, 219, 595, 219, 595, 219, 595, 219, 595, 219, 594, 
0, 219, 594, 219, 594, 220, 594, 220, 593, 220, 594, 220, 594, 220, 593, 220, 594, 220, 593, 220, 591, 220, 592, 221, 591, 221, 592, 221, 592, 221, 591, 224, 592, 226, 592, 228, 593, 229, 593, 232, 592, 233, 592, 234, 592, 235, 591, 236, 592, 236, 592, 237, 592, 237, 591, 237, 591, 238, 590, 238, 591, 238, 590, 239, 590, 239, 590, 240, 590, 240, 591, 241, 591, 241, 591, 241, 591, 241, 591, 241, 591, 242, 591, 242, 592, 242, 592, 242, 592, 243, 592, 244, 592, 245, 592, 245, 592, 245, 592, 245, 592, 245, 592, 246, 592, 246, 592, 245, 592, 244, 592, 244, 592, 244, 591, 244, 592, 244, 592, 244, 592, 
0, 248, 591, 249, 592, 250, 592, 251, 591, 251, 591, 253, 591, 255, 591, 256, 591, 256, 591, 257, 591, 258, 591, 258, 591, 258, 590, 258, 590, 258, 590, 259, 590, 260, 589, 260, 589, 260, 589, 260, 589, 260, 589, 260, 589, 260, 589, 260, 589, 260, 589, 260, 590, 260, 590, 260, 590, 260, 590, 259, 590, 259, 590, 259, 590, 259, 590, 259, 590, 259, 590, 259, 590, 259, 590, 260, 590, 260, 589, 260, 589, 260, 589, 260, 589, 260, 589, 261, 589, 261, 590, 261, 589, 261, 589, 262, 589, 262, 589, 262, 589, 262, 589, 263, 589, 263, 590, 264, 590, 265, 589, 265, 590, 264, 590, 263, 590, 262, 590, 261, 590, 
1, 261, 590, 261, 590, 261, 590, 261, 590, 262, 590, 264, 589, 266, 588, 267, 588, 267, 588, 268, 588, 268, 588, 268, 589, 268, 589, 268, 588, 270, 589, 272, 588, 274, 588, 275, 589, 277, 589, 278, 589, 282, 589, 287, 589, 311, 589, 455, 408, 592, 244, 1049, 166, 1267, 154, 1653, 138, 1822, 128, 2123, 111, 2255, 105, 2479, 96, 2574, 93, 2745, 87, 2906, 82, 3007, 80, 3156, 77, 3252, 76, 3399, 74, 3456, 73, 3546, 72, 3581, 72, 3639, 72, 3669, 72, 3718, 72, 3754, 72, 3768, 72, 3788, 75, 3794, 76, 3794, 82, 3788, 89, 3760, 110, 3756, 130, 3409, 210, 2979, 288, 2100, 378, 1451, 377, 1210, 378, 853, 377, 722, 377, 
0, 272, 381, 254, 380, 227, 382, 211, 383, 205, 383, 196, 384, 194, 383, 191, 382, 190, 381, 188, 381, 188, 382, 186, 381, 186, 383, 185, 381, 183, 382, 182, 381, 182, 383, 181, 383, 181, 383, 181, 385, 181, 384, 180, 383, 180, 383, 182, 381, 185, 381, 186, 381, 190, 381, 194, 382, 196, 380, 203, 380, 206, 380, 211, 381, 214, 382, 220, 383, 223, 383, 229, 382, 232, 382, 235, 382, 236, 381, 237, 381, 238, 382, 238, 381, 240, 381, 243, 382, 244, 382, 248, 383, 249, 383, 251, 381, 253, 380, 255, 381, 256, 380, 258, 381, 259, 381, 259, 381, 259, 381, 259, 381, 259, 380, 260, 381, 260, 381, 260, 381, 
0, 262, 379, 267, 379, 269, 379, 274, 380, 275, 380, 277, 380, 278, 380, 278, 380, 280, 381, 280, 381, 280, 380, 280, 380, 281, 379, 281, 381, 283, 381, 286, 381, 287, 381, 290, 381, 290, 381, 289, 381, 289, 381, 289, 381, 289, 381, 287, 380, 286, 381, 284, 380, 282, 380, 282, 381, 282, 381, 282, 381, 282, 381, 281, 380, 281, 381, 281, 381, 281, 381, 281, 381, 281, 381, 281, 381, 281, 381, 281, 381, 281, 380, 280, 380, 280, 381, 280, 380, 281, 381, 281, 381, 283, 381, 284, 381, 284, 380, 285, 381, 286, 381, 288, 380, 291, 381, 292, 381, 294, 381, 295, 381, 295, 381, 296, 381, 297, 381, 298, 381, 
1, 298, 381, 298, 381, 298, 380, 298, 380, 298, 380, 298, 380, 298, 379, 298, 379, 298, 380, 298, 379, 298, 379, 298, 379, 298, 379, 297, 379, 297, 379, 298, 379, 299, 379, 301, 379, 302, 379, 302, 379, 303, 379, 309, 379, 312, 379, 324, 382, 335, 383, 459, 323, 643, 233, 1098, 182, 1304, 175, 1638, 164, 1906, 149, 2032, 141, 2262, 133, 2361, 131, 2534, 125, 2682, 114, 2747, 109, 2859, 102, 2905, 99, 2977, 94, 3028, 90, 3046, 89, 3060, 87, 3079, 86, 3084, 86, 3090, 87, 3092, 87, 3091, 88, 3088, 89, 3077, 94, 3066, 98, 3022, 111, 2941, 139, 2870, 171, 2440, 288, 2117, 376, 1502, 374, 1063, 375, 898, 373, 654, 377, 
0, 319, 374, 276, 374, 249, 372, 231, 371, 225, 372, 216, 372, 213, 372, 209, 371, 208, 371, 211, 372, 215, 373, 217, 375, 217, 375, 220, 376, 223, 378, 229, 379, 231, 379, 234, 377, 236, 376, 237, 377, 238, 377, 239, 375, 239, 374, 239, 374, 238, 373, 237, 373, 235, 371, 234, 370, 234, 371, 235, 371, 236, 370, 237, 369, 238, 370, 240, 370, 240, 370, 242, 371, 244, 370, 246, 370, 250, 371, 251, 370, 254, 370, 256, 369, 256, 370, 256, 369, 257, 370, 257, 369, 258, 368, 258, 368, 259, 371, 261, 370, 262, 369, 266, 370, 268, 370, 272, 370, 273, 369, 274, 370, 275, 369, 276, 369, 276, 371, 276, 370, 
0, 280, 368, 281, 369, 281, 368, 281, 369, 281, 368, 282, 368, 283, 367, 285, 367, 287, 368, 287, 368, 287, 368, 287, 367, 288, 367, 289, 367, 289, 368, 289, 368, 289, 367, 288, 367, 287, 366, 285, 366, 284, 366, 282, 366, 282, 366, 281, 366, 281, 366, 281, 366, 281, 366, 281, 366, 281, 366, 281, 366, 281, 366, 283, 366, 285, 365, 286, 365, 288, 366, 288, 366, 291, 366, 292, 366, 294, 366, 295, 366, 296, 367, 297, 366, 297, 365, 299, 366, 299, 365, 299, 366, 300, 365, 300, 365, 301, 365, 302, 365, 302, 365, 302, 365, 302, 364, 301, 364, 301, 364, 301, 364, 302, 364, 302, 364, 302, 364, 302, 363, 
0, 304, 365, 304, 364, 304, 364, 303, 363, 305, 363, 306, 363, 309, 363, 310, 363, 310, 363, 309, 363, 307, 363, 308, 363, 308, 364, 308, 364, 308, 364, 307, 364, 305, 363, 305, 364, 306, 363, 306, 363, 307, 363, 308, 363, 308, 363, 307, 363, 306, 363, 304, 363, 303, 363, 303, 363, 303, 363, 303, 363, 303, 363, 303, 364, 302, 364, 302, 364, 302, 364, 302, 364, 301, 364, 299, 364, 298, 364, 298, 364, 298, 364, 298, 364, 298, 363, 298, 363, 298, 363, 298, 362, 299, 362, 299, 362, 300, 362, 300, 362, 300, 362, 300, 362, 301, 362, 301, 362, 302, 361, 302, 361, 302, 361, 302, 361, 302, 362, 302, 361, 
1, 302, 363, 302, 363, 302, 363, 302, 363, 303, 363, 303, 363, 303, 362, 302, 362, 301, 362, 302, 362, 302, 362, 302, 362, 302, 362, 302, 361, 303, 361, 304, 361, 305, 362, 308, 362, 311, 361, 325, 362, 356, 364, 544, 281, 744, 233, 1170, 196, 1537, 178, 1694, 167, 1988, 146, 2251, 133, 2364, 128, 2556, 120, 2638, 116, 2780, 110, 2839, 107, 2936, 103, 3010, 100, 3039, 100, 3133, 99, 3191, 98, 3310, 98, 3357, 97, 3434, 97, 3466, 96, 3517, 95, 3538, 95, 3573, 95, 3601, 95, 3610, 94, 3622, 96, 3624, 96, 3626, 100, 3623, 103, 3611, 112, 3601, 119, 3568, 143, 3541, 165, 3259, 313, 2302, 369, 1591, 365, 1328, 366, 1114, 364, 
0, 309, 360, 290, 361, 263, 360, 245, 359, 235, 359, 228, 358, 225, 357, 223, 357, 221, 355, 220, 356, 220, 357, 220, 357, 220, 356, 220, 356, 220, 354, 220, 355, 220, 356, 220, 356, 220, 356, 220, 355, 220, 354, 220, 354, 220, 354, 221, 354, 222, 354, 222, 355, 223, 355, 224, 355, 224, 355, 226, 353, 227, 353, 230, 353, 233, 352, 234, 353, 238, 353, 242, 353, 244, 352, 248, 352, 252, 353, 253, 353, 255, 353, 256, 353, 257, 353, 257, 353, 257, 353, 258, 354, 258, 353, 258, 353, 258, 354, 258, 353, 258, 353, 258, 353, 258, 353, 258, 352, 258, 352, 258, 352, 258, 352, 259, 353, 259, 352, 259, 352, 
0, 263, 352, 264, 351, 266, 351, 268, 351, 269, 352, 270, 351, 270, 352, 270, 352, 271, 352, 273, 352, 274, 352, 275, 352, 276, 351, 276, 351, 276, 351, 276, 352, 276, 351, 276, 351, 275, 351, 275, 351, 274, 351, 273, 351, 272, 351, 272, 351, 272, 351, 271, 351, 271, 351, 271, 351, 271, 351, 271, 350, 271, 350, 273, 350, 274, 350, 276, 350, 276, 350, 277, 350, 278, 350, 278, 350, 278, 350, 278, 350, 279, 350, 279, 350, 280, 350, 282, 350, 282, 350, 283, 349, 284, 349, 285, 349, 285, 349, 285, 349, 286, 350, 286, 349, 285, 349, 285, 349, 285, 349, 284, 348, 284, 349, 285, 349, 285, 349, 287, 348, 
1, 294, 348, 296, 348, 296, 348, 297, 348, 298, 349, 299, 349, 301, 349, 304, 349, 305, 350, 307, 350, 307, 349, 307, 349, 307, 349, 309, 349, 310, 349, 312, 349, 313, 348, 315, 349, 318, 349, 322, 350, 345, 351, 526, 305, 964, 217, 1385, 189, 1571, 180, 1744, 169, 2059, 151, 2324, 139, 2439, 135, 2633, 127, 2716, 125, 2854, 119, 2963, 115, 3008, 114, 3081, 112, 3110, 111, 3155, 110, 3174, 109, 3208, 109, 3235, 109, 3258, 110, 3267, 110, 3274, 109, 3279, 112, 3273, 115, 3265, 119, 3236, 131, 3209, 140, 3095, 177, 2977, 219, 2392, 347, 1704, 363, 1197, 363, 1010, 362, 856, 360, 627, 356, 474, 356, 419, 356, 339, 354, 311, 355, 
0, 213, 350, 210, 350, 206, 350, 204, 349, 203, 348, 202, 348, 201, 348, 201, 348, 200, 347, 200, 348, 200, 346, 200, 345, 202, 346, 203, 346, 204, 346, 206, 345, 207, 345, 209, 345, 211, 345, 212, 344, 213, 345, 213, 345, 214, 344, 215, 344, 215, 345, 215, 345, 217, 344, 218, 343, 218, 344, 219, 344, 219, 344, 222, 343, 224, 343, 228, 344, 230, 343, 235, 343, 238, 343, 243, 343, 248, 344, 249, 343, 252, 343, 253, 343, 254, 343, 254, 343, 254, 343, 254, 343, 253, 343, 252, 343, 251, 342, 251, 342, 251, 341, 251, 341, 250, 340, 249, 340, 249, 341, 250, 340, 251, 340, 252, 340, 253, 340, 254, 341, 
0, 258, 341, 258, 341, 258, 342, 258, 341, 259, 341, 261, 341, 261, 341, 261, 341, 262, 340, 263, 341, 263, 341, 266, 341, 268, 341, 269, 341, 272, 341, 273, 341, 275, 341, 276, 341, 278, 341, 278, 341, 278, 340, 279, 341, 279, 341, 280, 341, 280, 342, 282, 342, 282, 342, 284, 342, 286, 342, 289, 341, 291, 342, 291, 342, 292, 342, 293, 342, 294, 342, 295, 341, 297, 341, 297, 342, 298, 342, 298, 342, 298, 342, 298, 342, 298, 342, 298, 342, 298, 342, 298, 342, 298, 342, 298, 343, 298, 343, 299, 343, 302, 343, 304, 343, 305, 343, 306, 343, 308, 342, 310, 342, 311, 342, 313, 343, 314, 342, 315, 342, 
0, 313, 341, 313, 341, 313, 342, 312, 341, 312, 341, 312, 341, 312, 340, 312, 340, 313, 340, 313, 340, 313, 340, 313, 341, 313, 340, 313, 341, 313, 340, 314, 340, 315, 341, 317, 341, 318, 341, 318, 341, 319, 341, 319, 341, 320, 341, 321, 340, 322, 340, 322, 340, 321, 341, 321, 341, 321, 341, 321, 341, 324, 340, 326, 341, 328, 341, 329, 340, 329, 340, 327, 340, 326, 340, 325, 340, 324, 340, 324, 340, 323, 340, 322, 340, 321, 340, 321, 340, 321, 340, 321, 341, 321, 340, 321, 340, 321, 340, 321, 340, 320, 341, 320, 340, 320, 341, 320, 341, 320, 341, 320, 341, 320, 342, 320, 341, 320, 341, 320, 341, 
1, 321, 340, 321, 340, 321, 340, 321, 340, 321, 340, 321, 340, 321, 340, 321, 340, 321, 340, 321, 339, 321, 339, 320, 339, 320, 339, 320, 338, 321, 338, 323, 338, 326, 339, 330, 339, 332, 339, 340, 341, 348, 341, 383, 342, 570, 309, 716, 290, 985, 274, 1092, 272, 1264, 266, 1349, 252, 1546, 228, 1651, 220, 1869, 197, 1983, 183, 2220, 158, 2438, 141, 2535, 134, 2726, 125, 2801, 120, 2956, 113, 3030, 111, 3135, 107, 3168, 105, 3215, 102, 3231, 101, 3260, 98, 3290, 94, 3306, 93, 3342, 90, 3363, 89, 3419, 88, 3482, 86, 3516, 84, 3576, 84, 3621, 83, 3645, 83, 3698, 85, 3719, 85, 3750, 87, 3759, 89, 3765, 93, 3757, 97, 
0, 2269, 372, 1887, 370, 1300, 365, 1084, 365, 766, 364, 558, 363, 423, 366, 335, 365, 304, 366, 258, 366, 241, 366, 216, 366, 206, 366, 192, 365, 184, 364, 179, 364, 178, 363, 178, 362, 177, 362, 177, 362, 178, 362, 178, 362, 178, 361, 178, 361, 178, 362, 178, 360, 178, 360, 178, 360, 178, 359, 178, 360, 178, 359, 178, 359, 178, 360, 178, 360, 178, 359, 178, 359, 178, 359, 178, 359, 178, 358, 178, 359, 178, 359, 178, 359, 178, 359, 180, 359, 183, 359, 192, 358, 201, 358, 208, 357, 212, 357, 213, 357, 215, 356, 216, 356, 215, 356, 213, 356, 211, 356, 208, 357, 207, 356, 205, 355, 204, 355, 203, 355, 
0, 200, 354, 200, 354, 200, 354, 200, 354, 200, 354, 200, 354, 200, 354, 200, 354, 200, 353, 200, 353, 200, 353, 200, 353, 200, 353, 200, 353, 200, 353, 203, 353, 204, 352, 207, 352, 209, 352, 211, 352, 213, 352, 214, 351, 215, 352, 215, 352, 216, 352, 216, 352, 218, 352, 218, 352, 218, 352, 218, 351, 218, 351, 218, 351, 218, 352, 218, 352, 219, 352, 219, 351, 220, 351, 221, 351, 221, 351, 222, 351, 225, 351, 226, 351, 230, 351, 231, 351, 232, 351, 233, 350, 235, 351, 236, 350, 236, 352, 237, 350, 238, 350, 238, 349, 239, 350, 239, 350, 240, 350, 240, 350, 242, 349, 243, 349, 245, 349, 246, 349, 
0, 255, 349, 257, 349, 258, 349, 261, 348, 264, 349, 265, 349, 269, 349, 270, 349, 272, 349, 273, 349, 275, 348, 275, 348, 276, 348, 277, 348, 278, 348, 278, 348, 278, 347, 279, 347, 279, 347, 279, 347, 279, 347, 279, 347, 281, 347, 282, 347, 283, 347, 284, 347, 284, 347, 284, 347, 285, 347, 287, 347, 289, 347, 290, 347, 292, 347, 293, 347, 293, 347, 293, 347, 291, 347, 288, 347, 286, 346, 285, 347, 285, 347, 285, 347, 287, 347, 288, 347, 292, 346, 293, 346, 297, 347, 301, 347, 303, 347, 306, 347, 307, 347, 310, 346, 312, 346, 314, 346, 315, 346, 317, 346, 317, 347, 317, 346, 317, 346, 317, 346, 
1, 316, 346, 317, 345, 316, 345, 315, 345, 314, 346, 312, 346, 312, 346, 312, 346, 312, 345, 312, 346, 310, 345, 309, 345, 308, 345, 306, 345, 306, 345, 304, 345, 305, 345, 305, 346, 305, 346, 305, 346, 305, 346, 306, 346, 310, 346, 313, 347, 330, 347, 434, 289, 856, 199, 1059, 185, 1396, 174, 1689, 147, 1975, 125, 2104, 118, 2330, 109, 2439, 104, 2757, 96, 2919, 93, 3173, 89, 3355, 86, 3487, 83, 3589, 81, 3638, 80, 3762, 79, 3823, 78, 3918, 78, 3955, 77, 4012, 77, 4053, 77, 4068, 76, 4094, 76, 4105, 77, 4128, 77, 4138, 77, 4158, 77, 4168, 77, 4188, 78, 4206, 80, 4212, 82, 4219, 90, 4220, 97, 4204, 127, 
0, 863, 355, 609, 355, 446, 354, 340, 353, 272, 355, 227, 355, 191, 355, 177, 354, 170, 354, 168, 355, 165, 353, 164, 354, 163, 355, 163, 354, 162, 355, 163, 355, 163, 356, 164, 356, 165, 356, 166, 357, 166, 358, 166, 357, 166, 356, 166, 356, 166, 356, 167, 355, 169, 354, 169, 354, 171, 354, 171, 354, 171, 354, 171, 354, 172, 354, 172, 353, 172, 353, 172, 352, 172, 352, 172, 352, 171, 353, 171, 353, 171, 352, 170, 352, 169, 353, 167, 353, 166, 354, 165, 354, 163, 355, 162, 356, 161, 355, 160, 354, 159, 355, 158, 355, 157, 354, 156, 355, 153, 354, 152, 353, 151, 353, 150, 353, 148, 353, 148, 352, 
0, 66, 292, 63, 304, 42, 305, 67, 290, 142, 255, 181, 245, 246, 252, 291, 245, 314, 216, 318, 207, 313, 285, 315, 313, 317, 356, 314, 379, 312, 400, 322, 404, 337, 418, 338, 445, 336, 459, 341, 471, 348, 485, 358, 503, 362, 516, 371, 542, 390, 562, 424, 590, 447, 600, 496, 613, 538, 608, 562, 605, 602, 598, 632, 598, 649, 599, 681, 603, 695, 607, 703, 602, 716, 594, 763, 587, 795, 593, 1096, 579, 1089, 566, 987, 562, 836, 561, 751, 554, 706, 549, 619, 551, 577, 552, 542, 555, 536, 557, 532, 563, 536, 566, 553, 567, 565, 568, 588, 566, 582, 562, 600, 554, 640, 534, 644, 534, 660, 518, 644, 494, 
0, 655, 318, 667, 294, 685, 268, 696, 293, 716, 357, 762, 499, 778, 543, 782, 554, 779, 483, 782, 512, 801, 522, 816, 529, 821, 537, 827, 554, 829, 554, 833, 545, 836, 532, 839, 529, 842, 531, 841, 538, 837, 545, 815, 564, 778, 582, 754, 591, 692, 597, 650, 589, 570, 577, 543, 564, 473, 537, 429, 531, 350, 518, 316, 522, 261, 520, 222, 520, 206, 517, 183, 515, 174, 514, 162, 511, 158, 511, 151, 510, 148, 510, 144, 509, 142, 508, 141, 507, 140, 508, 140, 508, 138, 506, 138, 505, 138, 505, 136, 503, 135, 501, 134, 501, 133, 500, 131, 501, 129, 499, 128, 499, 126, 501, 125, 501, 124, 498, 124, 498, 
