0, -127, 354, -126, 355, -124, 354, -123, 355, -122, 355, -121, 354, -119, 354, -117, 354, -110, 356, -105, 364, -92, 377, -80, 499, -77, 547, -71, 524, -69, 520, -68, 524, -67, 521, -65, 477, -63, 418, -61, 390, -56, 370, -53, 368, -47, 348, -44, 350, -39, 356, -37, 359, -33, 373, -29, 411, -27, 405, -22, 392, -18, 390, -13, 382, -12, 382, -6, 396, -2, 399, 4, 425, 3, 474, 0, 490, -10, 506, -16, 511, -27, 481, -33, 442, -41, 375, -45, 359, -50, 325, -57, 310, -59, 305, -63, 295, -62, 278, -60, 232, -59, 214, -58, 177, -56, 165, -53, 154, -55, 150, -58, 147, -63, 146, -64, 146, -67, 144, -67, 143, 
0, -66, 139, -66, 139, -64, 139, -62, 138, -61, 139, -60, 140, -58, 140, -53, 141, -51, 141, -47, 141, -46, 141, -47, 141, -47, 141, -46, 141, -45, 141, -45, 141, -47, 140, -48, 141, -51, 141, -54, 141, -55, 141, -56, 141, -58, 142, -59, 142, -60, 144, -61, 144, -64, 144, -66, 145, -71, 146, -75, 146, -76, 147, -78, 147, -79, 147, -82, 147, -84, 146, -88, 146, -90, 147, -93, 147, -95, 147, -97, 147, -99, 148, -101, 148, -104, 149, -108, 150, -110, 150, -113, 151, -114, 150, -116, 150, -118, 150, -119, 149, -120, 149, -123, 149, -125, 149, -128, 149, -131, 149, -132, 149, -134, 150, -135, 150, -136, 151, -137, 151, 
0, -135, 147, -134, 148, -133, 148, -131, 148, -130, 148, -130, 149, -130, 149, -131, 149, -133, 149, -135, 150, -135, 151, -137, 152, -138, 152, -139, 153, -139, 153, -139, 154, -139, 155, -140, 155, -143, 158, -144, 160, -147, 160, -148, 159, -148, 159, -148, 160, -146, 172, -144, 177, -143, 179, -141, 182, -139, 184, -136, 188, -131, 189, -128, 187, -122, 187, -107, 201, -101, 203, -103, 204, -109, 208, -112, 215, -117, 234, -118, 236, -120, 256, -121, 267, -126, 300, -128, 326, -129, 319, -123, 308, -118, 316, -109, 382, -106, 392, -105, 384, -105, 392, -105, 384, -105, 370, -109, 361, -112, 358, -119, 359, -125, 346, -126, 340, -128, 343, -130, 341, 
0, -144, 395, -149, 406, -151, 424, -152, 442, -154, 467, -157, 485, -164, 509, -171, 534, -174, 542, -183, 584, -187, 601, -202, 692, -212, 713, -229, 736, -238, 756, -253, 770, -258, 766, -265, 761, -268, 757, -267, 752, -265, 750, -263, 739, -261, 737, -254, 726, -250, 724, -248, 721, -248, 717, -250, 716, -250, 717, -249, 713, -246, 708, -245, 707, -243, 703, -243, 702, -241, 699, -241, 694, -241, 695, -240, 699, -241, 706, -243, 711, -244, 716, -247, 718, -249, 716, -249, 719, -248, 721, -246, 722, -243, 723, -241, 722, -235, 718, -232, 715, -228, 709, -226, 704, -224, 693, -222, 683, -217, 675, -211, 656, -207, 645, -200, 646, -196, 646, -187, 651, 
0, -180, 706, -181, 725, -181, 721, -180, 700, -177, 681, -173, 656, -175, 626, -179, 617, -192, 626, -199, 624, -210, 648, -214, 656, -215, 644, -214, 638, -209, 627, -204, 628, -200, 633, -190, 637, -182, 638, -155, 618, -138, 624, -100, 603, -83, 571, -68, 752, -96, 806, -109, 798, -125, 781, -131, 782, -138, 775, -141, 774, -143, 772, -141, 768, -131, 754, -111, 749, -100, 742, -83, 707, -81, 697, -86, 679, -91, 659, -95, 642, -96, 628, -95, 623, -95, 623, -101, 627, -105, 631, -119, 639, -128, 643, -146, 619, -152, 623, -159, 636, -159, 650, -153, 657, -148, 675, -143, 674, -135, 687, -82, 714, -18, 609, -18, 670, -72, 659, -102, 578, 
0, -263, 495, -285, 477, -291, 481, -295, 463, -292, 446, -290, 440, -285, 426, -280, 423, -269, 408, -264, 400, -255, 408, -250, 414, -243, 414, -241, 412, -240, 407, -231, 408, -214, 411, -206, 408, -196, 419, -191, 442, -181, 455, -176, 450, -167, 450, -163, 444, -161, 433, -161, 427, -163, 404, -167, 402, -169, 423, -168, 457, -166, 458, -162, 472, -159, 478, -152, 491, -152, 536, -154, 569, -157, 591, -158, 582, -159, 558, -158, 552, -157, 552, -156, 553, -156, 594, -161, 715, -185, 801, -189, 785, -192, 786, -189, 780, -185, 778, -173, 771, -166, 756, -145, 733, -136, 727, -118, 722, -110, 716, -99, 721, -99, 763, -102, 779, -113, 783, -117, 780, 
0, -89, 654, -88, 652, -95, 629, -100, 621, -101, 601, -100, 601, -94, 605, -87, 604, -83, 606, -74, 609, -68, 620, -55, 633, -48, 636, -32, 638, -22, 637, -4, 641, 4, 648, 16, 646, 21, 644, 21, 641, 22, 627, 24, 640, 25, 647, 29, 656, 33, 657, 48, 652, 61, 634, 65, 636, 69, 631, 70, 626, 70, 624, 68, 622, 65, 616, 63, 618, 59, 620, 56, 619, 55, 618, 52, 618, 51, 617, 50, 617, 50, 617, 51, 616, 51, 617, 52, 615, 51, 637, 51, 643, 53, 650, 54, 647, 55, 651, 55, 671, 52, 677, 47, 679, 45, 682, 39, 689, 36, 695, 33, 698, 32, 698, 33, 695, 33, 691, 34, 690, 
0, 43, 685, 44, 681, 45, 680, 46, 681, 47, 681, 48, 678, 48, 678, 49, 679, 51, 675, 52, 672, 54, 670, 54, 669, 54, 669, 56, 670, 57, 669, 57, 671, 59, 670, 60, 669, 62, 668, 64, 667, 67, 668, 72, 666, 75, 666, 81, 667, 84, 676, 88, 710, 89, 727, 91, 725, 96, 723, 99, 719, 102, 716, 109, 715, 112, 713, 117, 705, 119, 704, 123, 701, 125, 690, 127, 685, 130, 678, 132, 675, 134, 671, 135, 670, 136, 669, 136, 669, 135, 672, 134, 671, 130, 667, 121, 681, 115, 685, 105, 688, 101, 691, 95, 684, 92, 681, 87, 679, 85, 678, 83, 680, 81, 680, 80, 676, 77, 678, 76, 682, 
0, 0, 687, 0, 688, 0, 688, 0, 688, 0, 687, 0, 687, 0, 687, 0, 688, 0, 687, 0, 688, 0, 687, 0, 688, 0, 687, 0, 687, 0, 687, 0, 687, 0, 687, -1, 687, 0, 687, 0, 686, -1, 687, -1, 686, 0, 687, 0, 686, 0, 687, 0, 686, 0, 687, 0, 687, 0, 687, 0, 687, 0, 687, 0, 687, 0, 686, 0, 687, 0, 686, 0, 686, 0, 686, 0, 687, 0, 686, 0, 686, 0, 686, 0, 686, 0, 686, 0, 686, 0, 686, 0, 687, 0, 688, 0, 687, 0, 686, 0, 686, 0, 688, 0, 688, 0, 687, 0, 688, 0, 687, 0, 687, 0, 686, 0, 686, 0, 686, 0, 685, 
1, 0, 685, 0, 686, 0, 686, 0, 685, 0, 685, 0, 684, 0, 685, 0, 685, 0, 686, 0, 685, 0, 686, 0, 685, 0, 685, 0, 685, 0, 685, 0, 685, 0, 685, 0, 685, 0, 685, 0, 685, 0, 685, 0, 685, 0, 684, 0, 685, 0, 685, 0, 686, 0, 685, 0, 685, 0, 684, 0, 683, 0, 683, 0, 683, 0, 684, 0, 683, 0, 683, 0, 684, 0, 683, 0, 683, 0, 684, 1, 682, 2, 682, 3, 683, 4, 683, 5, 683, 6, 683, 7, 683, 8, 683, 9, 684, 11, 683, 13, 683, 17, 683, 19, 683, 22, 683, 26, 683, 28, 683, 33, 683, 36, 683, 42, 683, 45, 683, 52, 683, 
0, 79, 682, 86, 682, 94, 683, 102, 684, 106, 684, 113, 684, 121, 684, 129, 684, 133, 684, 143, 684, 148, 684, 155, 685, 159, 685, 165, 686, 169, 685, 175, 685, 182, 685, 185, 685, 189, 684, 190, 684, 189, 685, 186, 684, 174, 683, 165, 684, 141, 683, 111, 682, 96, 683, 69, 683, 48, 682, 33, 683, 22, 683, 15, 682, 10, 682, 6, 683, 3, 682, 2, 682, 0, 682, 0, 682, 0, 682, 0, 682, 0, 682, 0, 682, 0, 682, 0, 683, 0, 682, 0, 682, 0, 682, 0, 682, 0, 682, 0, 683, 0, 683, 0, 683, 0, 682, 0, 682, 0, 682, 0, 682, 0, 682, 0, 682, 0, 682, 0, 682, 
0, 0, 683, 0, 682, 0, 682, 0, 682, 0, 683, 0, 682, 0, 682, 0, 682, 0, 682, 0, 682, 0, 682, 0, 682, 0, 682, 0, 682, 0, 681, 0, 682, 0, 682, 0, 683, 0, 682, 0, 682, 0, 683, 0, 682, 0, 682, 0, 682, 0, 682, 0, 681, 0, 682, 0, 682, 0, 682, 0, 681, 0, 681, 0, 682, 0, 682, 0, 682, 0, 682, 0, 682, 0, 682, 0, 682, 0, 682, 0, 682, 0, 681, 0, 681, 0, 681, 0, 681, 0, 681, 0, 681, 0, 682, 0, 682, 0, 682, 0, 682, 0, 681, 0, 682, 0, 681, 0, 681, 0, 681, 0, 681, 0, 681, 0, 681, 0, 682, 0, 682, 
1, 0, 681, 0, 680, 0, 681, 0, 681, 0, 681, 0, 681, 0, 681, 0, 681, 0, 681, 0, 681, 0, 681, 0, 681, 0, 681, 0, 680, 0, 681, 0, 680, 0, 681, 0, 680, 0, 680, 0, 681, 0, 681, 0, 681, 0, 680, 0, 681, 0, 680, 0, 680, 0, 680, 0, 681, 0, 681, 0, 680, 0, 680, 0, 680, 0, 681, 0, 681, 0, 681, 0, 681, 2, 681, 3, 680, 4, 681, 4, 681, 5, 681, 9, 680, 13, 681, 16, 680, 20, 680, 23, 680, 29, 681, 34, 680, 36, 681, 39, 680, 43, 680, 45, 680, 50, 680, 53, 681, 58, 681, 64, 680, 68, 680, 75, 680, 79, 680, 88, 680, 
0, 134, 680, 141, 680, 155, 680, 161, 680, 172, 680, 179, 680, 181, 680, 184, 680, 185, 680, 186, 680, 189, 679, 191, 680, 194, 679, 203, 680, 216, 680, 229, 680, 234, 680, 240, 679, 240, 680, 232, 680, 211, 680, 196, 680, 179, 679, 142, 680, 107, 680, 92, 679, 66, 680, 47, 680, 40, 680, 27, 680, 19, 680, 16, 680, 11, 680, 7, 680, 5, 680, 2, 680, 1, 680, 1, 680, 0, 679, 0, 680, 0, 679, 0, 680, 0, 680, 0, 680, 0, 680, 0, 679, 0, 680, 0, 680, 0, 680, 0, 679, 0, 680, 0, 680, 0, 680, 0, 680, 0, 680, 0, 680, 0, 680, 0, 680, 0, 680, 0, 679, 
0, 0, 680, 0, 680, 0, 679, 0, 679, 0, 679, 0, 679, 0, 679, 0, 679, 0, 679, 0, 679, 0, 678, 0, 679, 0, 679, 0, 679, 0, 679, 0, 678, 0, 678, 0, 678, 0, 679, 0, 678, 0, 678, 0, 678, 0, 678, 0, 678, 0, 678, 0, 678, 0, 678, 0, 678, 0, 678, 0, 678, 0, 678, 0, 678, 0, 678, 0, 678, 0, 679, 0, 678, 0, 678, 0, 678, 0, 678, 0, 678, 0, 679, 0, 678, 0, 678, 0, 679, 0, 679, 0, 679, 0, 679, 0, 678, 0, 679, 0, 679, 0, 679, 0, 679, 0, 678, 0, 679, 0, 678, 0, 679, 0, 678, 0, 678, 0, 678, 0, 678, 
1, 0, 679, 0, 678, 0, 678, 0, 678, 0, 678, 0, 679, 0, 679, 0, 678, 0, 678, 0, 678, 0, 678, 0, 679, 0, 678, 0, 678, 0, 678, 0, 679, 0, 678, 0, 678, 0, 678, 0, 678, 0, 678, 0, 678, 0, 678, 0, 678, 0, 678, 0, 678, 0, 678, 0, 678, 0, 678, 0, 678, 0, 678, 0, 679, 0, 678, 0, 678, 0, 679, 1, 678, 2, 678, 3, 678, 4, 678, 5, 678, 7, 678, 9, 678, 13, 678, 17, 678, 21, 678, 29, 678, 34, 678, 43, 678, 48, 678, 57, 678, 62, 678, 69, 678, 76, 678, 78, 677, 83, 678, 86, 678, 94, 678, 99, 678, 113, 678, 132, 678, 
0, 112, 679, 98, 678, 72, 679, 60, 678, 42, 678, 28, 678, 23, 678, 14, 678, 11, 678, 6, 678, 4, 678, 1, 679, 0, 678, 0, 678, 0, 678, 0, 678, 0, 678, 0, 677, 0, 678, 0, 678, 0, 678, 0, 679, 0, 678, 0, 678, 0, 678, 0, 678, 0, 678, 0, 678, 0, 679, 0, 678, 0, 678, 0, 678, 0, 678, 0, 678, 0, 679, 0, 678, 0, 678, 0, 679, 0, 678, 0, 678, 0, 678, 0, 678, 0, 678, 0, 678, 0, 678, 0, 678, 0, 678, 0, 678, 0, 678, 0, 678, 0, 678, 0, 677, 0, 678, 0, 678, 0, 677, 0, 677, 0, 678, 0, 678, 0, 678, 0, 678, 
0, 0, 677, 0, 677, 0, 677, 0, 677, 0, 678, 0, 677, 0, 678, 0, 678, 0, 678, 0, 677, 0, 677, 0, 678, 0, 677, 0, 678, 0, 677, 0, 678, 0, 678, 0, 678, 0, 678, 0, 678, 0, 677, 0, 678, 0, 678, 0, 678, 0, 677, 0, 678, 0, 678, 0, 679, 0, 678, 0, 677, 0, 677, 0, 677, 0, 678, 0, 678, 0, 678, -1, 678, 0, 678, 0, 677, 0, 678, 0, 677, 0, 677, 0, 677, 0, 677, 0, 678, 0, 678, 0, 678, 0, 677, 0, 678, 0, 678, 0, 677, 0, 678, 0, 677, 0, 677, 0, 678, 0, 678, 0, 678, 0, 677, 0, 678, 0, 678, 0, 677, 
1, 0, 677, 0, 678, 0, 677, 0, 678, 0, 677, 0, 678, 0, 678, 0, 678, 0, 678, 0, 677, 0, 677, 0, 678, 0, 678, 0, 678, 0, 677, -1, 677, -1, 678, 0, 678, 0, 678, 0, 677, -1, 677, -1, 678, -1, 677, -1, 678, -1, 677, -1, 677, -1, 679, 0, 678, 0, 679, 0, 678, 0, 678, 0, 677, 0, 678, 0, 678, 0, 678, 0, 678, 1, 678, 1, 678, 3, 678, 4, 678, 7, 678, 9, 677, 14, 677, 23, 677, 29, 678, 42, 677, 50, 678, 66, 678, 75, 678, 93, 678, 102, 677, 120, 679, 131, 678, 158, 677, 197, 677, 220, 677, 263, 677, 278, 677, 288, 677, 284, 677, 
0, 147, 678, 126, 677, 90, 677, 63, 677, 52, 677, 35, 677, 28, 677, 18, 677, 14, 677, 8, 677, 4, 677, 3, 677, 1, 677, 0, 676, 0, 677, 0, 677, 0, 677, 0, 677, 0, 677, 0, 677, 0, 677, 0, 677, 0, 677, 0, 677, 0, 677, 0, 677, 0, 677, 0, 677, 0, 677, 0, 676, 0, 676, 0, 677, 0, 677, 0, 676, 0, 677, 0, 677, 0, 677, 0, 677, 0, 677, 0, 676, 0, 677, 0, 677, -1, 677, -1, 677, 0, 677, 0, 677, 0, 677, 0, 677, 0, 677, 0, 677, 0, 677, 0, 677, 0, 676, 0, 676, 0, 676, 0, 676, 0, 677, 0, 677, 0, 676, 0, 677, 
0, 0, 677, 0, 677, -1, 677, 0, 676, 0, 677, 0, 676, 0, 677, 0, 677, 0, 677, 0, 677, 0, 677, 0, 677, 0, 677, 0, 676, 0, 676, 0, 677, 0, 676, 0, 677, 0, 677, 0, 676, 0, 677, 0, 677, 0, 677, 0, 677, 0, 677, 0, 677, 0, 677, 0, 677, 0, 677, 0, 677, 0, 677, 0, 678, 0, 677, 0, 677, 0, 677, 0, 677, 0, 677, 0, 677, 0, 678, 0, 677, 0, 677, 0, 677, 0, 677, 0, 678, 0, 678, 0, 677, 0, 677, 0, 677, 0, 677, 0, 677, 0, 677, 0, 677, 0, 676, 0, 676, 0, 677, 0, 677, 0, 677, 0, 677, 0, 677, 0, 677, 
1, 0, 677, 0, 677, 0, 677, 0, 677, 0, 677, 0, 676, 0, 676, 0, 677, 0, 677, 0, 677, 0, 677, 0, 676, 0, 677, 0, 677, 0, 677, 0, 677, 0, 676, 0, 677, 0, 676, 0, 676, 0, 676, 0, 676, 0, 677, 0, 676, 0, 677, 0, 676, 0, 677, 0, 676, 0, 677, 0, 677, 0, 677, 0, 676, 0, 676, 0, 676, 0, 676, 0, 676, 0, 677, 1, 676, 2, 676, 3, 676, 6, 676, 9, 676, 12, 676, 18, 676, 23, 676, 33, 676, 39, 676, 53, 676, 60, 676, 76, 675, 93, 676, 101, 675, 118, 676, 127, 676, 148, 676, 161, 676, 200, 676, 264, 677, 304, 677, 353, 676, 
0, 110, 676, 90, 676, 59, 676, 37, 676, 23, 676, 18, 676, 11, 675, 6, 676, 3, 676, 1, 676, 0, 676, 0, 675, 0, 676, 0, 676, 0, 676, 0, 675, 0, 676, 0, 676, 0, 675, 0, 675, 0, 676, 0, 675, 0, 676, 0, 676, 0, 676, 0, 676, 0, 676, 0, 676, 0, 676, 0, 676, 0, 676, 0, 676, 0, 675, 0, 675, 0, 675, 0, 676, 0, 676, 0, 676, 0, 676, 0, 676, 0, 676, 0, 676, 0, 676, 0, 676, 0, 676, 0, 676, 0, 676, 0, 676, 0, 676, 0, 676, 0, 676, 0, 675, 0, 675, 0, 675, 0, 675, 0, 675, 0, 676, 0, 676, 0, 676, 0, 676, 
0, 0, 676, 0, 675, 0, 676, 0, 675, 0, 675, 0, 675, 0, 675, 0, 675, 0, 675, 0, 675, 0, 675, 0, 675, 0, 676, 0, 676, 0, 675, 0, 675, 0, 676, 0, 676, 0, 675, 0, 676, 0, 675, 0, 676, 0, 675, 0, 675, 0, 675, 0, 676, 0, 676, 0, 676, 0, 675, 0, 675, 0, 675, 0, 675, 0, 675, 0, 675, 0, 676, 0, 675, 0, 674, 0, 675, 0, 674, 0, 675, 0, 675, 0, 675, 0, 674, 0, 675, 0, 675, 0, 675, 0, 675, 0, 675, 0, 675, 0, 675, 0, 675, 0, 675, 0, 675, 0, 675, 0, 676, -1, 674, -1, 675, 0, 675, 0, 675, 0, 675, 
1, 0, 675, 0, 675, 0, 675, 0, 675, 0, 675, 0, 675, 0, 675, 0, 674, 0, 675, 0, 675, 0, 675, 0, 675, 0, 675, 0, 675, 0, 675, 0, 675, 0, 675, 0, 675, 0, 675, 0, 675, 0, 675, 0, 674, 0, 674, 0, 674, 0, 674, 0, 674, 0, 675, 0, 674, 0, 674, 0, 675, 0, 674, 0, 674, 0, 675, 0, 675, 0, 674, 1, 674, 2, 674, 6, 674, 8, 674, 14, 674, 18, 674, 27, 674, 32, 674, 43, 674, 53, 674, 58, 675, 68, 674, 73, 674, 85, 674, 92, 675, 109, 674, 120, 674, 146, 674, 161, 674, 194, 674, 231, 674, 251, 673, 295, 674, 320, 673, 365, 673, 
0, 120, 674, 79, 674, 63, 674, 39, 674, 24, 674, 14, 674, 7, 673, 3, 674, 1, 673, 0, 673, 0, 674, 0, 674, 0, 673, 0, 674, 0, 673, 0, 674, 0, 674, 0, 673, 0, 673, 0, 674, 0, 674, 0, 673, 0, 674, 0, 673, 0, 674, 0, 673, 0, 673, 0, 673, 0, 674, -1, 673, 0, 673, 0, 674, 0, 674, 0, 674, 0, 673, 0, 674, 0, 673, 0, 673, 0, 673, 0, 673, 0, 673, 0, 674, 0, 674, 0, 674, 0, 673, 0, 673, 0, 673, 0, 673, 0, 673, 0, 674, 0, 674, 0, 674, 0, 673, 0, 673, 0, 673, 0, 674, 0, 673, 0, 673, 0, 673, 0, 673, 
1, 0, 674, 0, 673, 0, 673, 0, 673, 0, 673, 0, 673, 0, 673, 0, 673, 0, 673, 0, 673, 0, 673, 0, 673, 0, 674, 0, 674, 0, 673, 0, 673, 0, 674, 0, 674, 0, 673, 0, 673, 0, 674, 0, 674, 0, 673, 0, 674, 0, 673, 0, 673, 0, 674, 0, 674, 0, 673, 0, 674, 0, 674, 0, 673, 0, 673, 0, 673, 0, 673, 0, 673, 0, 673, 0, 673, 1, 672, 3, 672, 5, 672, 11, 672, 14, 673, 22, 673, 32, 673, 37, 673, 48, 673, 54, 673, 65, 673, 75, 673, 80, 673, 91, 673, 98, 673, 117, 673, 132, 673, 180, 671, 225, 671, 500, 667, 921, 546, 1066, 602, 
0, 278, 690, 226, 689, 148, 688, 120, 688, 79, 689, 53, 688, 44, 688, 31, 687, 26, 687, 19, 686, 17, 687, 13, 687, 12, 686, 11, 686, 10, 687, 9, 687, 9, 686, 9, 685, 9, 685, 9, 686, 9, 685, 9, 685, 8, 685, 8, 684, 8, 685, 8, 685, 8, 685, 8, 685, 8, 686, 8, 685, 8, 685, 8, 685, 8, 685, 8, 685, 8, 685, 8, 684, 8, 685, 8, 684, 8, 684, 7, 684, 8, 684, 8, 683, 8, 683, 8, 683, 9, 683, 8, 683, 8, 683, 8, 683, 8, 683, 8, 683, 8, 682, 8, 683, 8, 682, 8, 682, 9, 682, 9, 682, 9, 682, 8, 682, 8, 682, 9, 681, 
0, 9, 681, 9, 681, 9, 681, 9, 681, 9, 681, 9, 681, 9, 681, 9, 681, 9, 681, 9, 681, 8, 681, 8, 681, 8, 681, 8, 681, 8, 681, 8, 680, 8, 681, 9, 681, 9, 680, 9, 681, 9, 681, 9, 681, 9, 681, 9, 681, 9, 681, 9, 681, 9, 681, 9, 681, 9, 680, 9, 681, 9, 681, 9, 681, 9, 681, 9, 681, 9, 681, 9, 681, 9, 681, 9, 681, 9, 681, 8, 681, 8, 681, 8, 681, 8, 681, 8, 680, 8, 680, 8, 680, 8, 680, 9, 680, 9, 680, 9, 680, 9, 680, 9, 680, 9, 680, 9, 680, 9, 680, 9, 680, 9, 680, 9, 680, 9, 680, 9, 680, 
1, 9, 680, 9, 679, 9, 680, 9, 679, 9, 679, 9, 679, 9, 679, 9, 679, 9, 679, 9, 679, 9, 679, 9, 679, 8, 679, 8, 679, 8, 679, 8, 679, 8, 679, 9, 678, 9, 678, 9, 679, 9, 678, 9, 678, 10, 678, 10, 678, 10, 678, 10, 678, 9, 678, 9, 678, 9, 678, 9, 678, 9, 678, 10, 678, 10, 678, 12, 677, 13, 678, 16, 678, 18, 678, 22, 678, 28, 678, 31, 678, 38, 677, 42, 678, 51, 678, 55, 677, 63, 678, 66, 678, 71, 678, 72, 678, 75, 678, 77, 678, 79, 678, 82, 678, 86, 678, 90, 678, 98, 678, 109, 678, 115, 678, 126, 678, 131, 678, 123, 678, 
0, 35, 677, 28, 678, 23, 677, 19, 677, 16, 677, 15, 677, 13, 677, 12, 677, 11, 677, 11, 677, 10, 677, 10, 677, 10, 677, 9, 677, 9, 677, 9, 677, 9, 677, 9, 677, 8, 677, 9, 677, 9, 677, 9, 677, 9, 678, 9, 677, 9, 677, 9, 677, 9, 677, 9, 677, 9, 677, 9, 677, 9, 677, 9, 677, 9, 677, 9, 678, 9, 677, 9, 677, 9, 677, 9, 677, 9, 678, 9, 677, 9, 677, 9, 677, 9, 677, 10, 677, 10, 677, 9, 677, 9, 677, 10, 677, 10, 677, 9, 677, 9, 677, 9, 677, 9, 677, 9, 677, 9, 677, 9, 677, 9, 677, 9, 677, 9, 677, 9, 677, 
1, 9, 677, 10, 677, 10, 677, 10, 677, 10, 677, 10, 677, 9, 677, 10, 677, 9, 677, 9, 677, 9, 677, 9, 677, 10, 676, 10, 676, 9, 677, 9, 676, 9, 677, 9, 676, 9, 676, 9, 677, 9, 677, 10, 676, 10, 676, 10, 676, 10, 676, 11, 677, 10, 677, 9, 677, 10, 677, 9, 677, 9, 675, 9, 675, 11, 674, 12, 675, 13, 675, 15, 675, 16, 675, 18, 675, 20, 675, 25, 675, 28, 675, 38, 675, 48, 675, 54, 674, 65, 675, 69, 675, 77, 674, 80, 675, 84, 674, 86, 674, 90, 674, 95, 675, 98, 674, 107, 674, 112, 674, 125, 674, 139, 674, 147, 674, 155, 674, 163, 674, 
0, 72, 673, 63, 674, 50, 674, 39, 674, 34, 673, 27, 674, 25, 673, 21, 673, 19, 673, 17, 673, 15, 674, 14, 673, 14, 673, 12, 674, 12, 674, 11, 674, 12, 674, 12, 674, 12, 674, 12, 674, 12, 673, 12, 674, 12, 673, 12, 673, 12, 673, 12, 673, 12, 673, 12, 673, 12, 673, 12, 673, 12, 674, 12, 674, 12, 673, 12, 673, 13, 673, 12, 673, 12, 673, 13, 673, 12, 673, 12, 673, 12, 673, 12, 673, 12, 673, 12, 673, 12, 673, 12, 673, 12, 673, 12, 673, 12, 673, 12, 673, 12, 673, 12, 673, 12, 673, 12, 673, 11, 673, 11, 673, 11, 673, 11, 673, 11, 673, 11, 673, 
1, 11, 673, 11, 674, 11, 673, 11, 673, 11, 673, 11, 673, 11, 673, 12, 673, 12, 673, 12, 673, 12, 673, 11, 672, 11, 673, 11, 673, 11, 673, 11, 673, 12, 673, 13, 673, 12, 673, 12, 673, 12, 673, 12, 673, 12, 673, 12, 673, 12, 673, 12, 672, 12, 672, 12, 673, 12, 672, 12, 672, 12, 672, 14, 672, 15, 673, 15, 673, 17, 672, 18, 672, 19, 673, 23, 673, 28, 672, 31, 672, 38, 672, 43, 672, 54, 673, 60, 673, 72, 673, 78, 672, 90, 672, 101, 673, 106, 673, 115, 673, 120, 672, 130, 672, 135, 672, 148, 672, 155, 672, 172, 671, 194, 671, 207, 671, 230, 670, 247, 671, 
0, 84, 672, 61, 671, 45, 671, 30, 672, 25, 671, 21, 671, 18, 671, 17, 671, 16, 671, 15, 671, 14, 671, 13, 671, 13, 671, 14, 671, 15, 671, 13, 671, 13, 671, 14, 671, 14, 671, 13, 671, 13, 671, 13, 671, 13, 671, 13, 671, 14, 671, 14, 671, 14, 671, 14, 671, 13, 671, 13, 671, 13, 671, 13, 671, 13, 671, 13, 671, 13, 671, 13, 671, 13, 671, 13, 671, 13, 671, 13, 671, 13, 671, 13, 671, 13, 671, 13, 671, 13, 671, 13, 671, 13, 671, 13, 671, 13, 671, 13, 671, 13, 671, 13, 671, 13, 671, 13, 671, 13, 670, 13, 670, 13, 670, 13, 671, 13, 671, 14, 670, 
0, 20, 669, 21, 668, 21, 668, 22, 669, 22, 669, 23, 668, 24, 669, 24, 669, 25, 668, 25, 668, 25, 668, 25, 668, 25, 668, 25, 668, 26, 668, 27, 668, 29, 668, 29, 668, 30, 668, 30, 668, 32, 668, 32, 669, 32, 668, 32, 669, 33, 669, 34, 669, 34, 668, 35, 669, 35, 669, 34, 669, 34, 668, 33, 668, 33, 668, 33, 668, 33, 668, 33, 667, 33, 667, 33, 668, 33, 667, 33, 667, 34, 667, 34, 668, 34, 667, 33, 667, 33, 667, 32, 667, 31, 667, 31, 668, 31, 667, 31, 667, 31, 668, 32, 668, 32, 668, 32, 668, 32, 667, 33, 667, 33, 667, 32, 667, 32, 667, 32, 667, 
0, 31, 667, 31, 667, 31, 667, 31, 667, 31, 667, 31, 667, 31, 667, 31, 667, 31, 667, 31, 667, 32, 667, 33, 667, 33, 667, 32, 667, 32, 667, 32, 667, 32, 667, 32, 667, 33, 667, 35, 667, 36, 667, 37, 671, 39, 674, 39, 680, 40, 682, 42, 730, 30, 774, 22, 771, 5, 736, 3, 599, 6, 568, 30, 406, 34, 371, 39, 318, 53, 281, 84, 196, 98, 128, 133, 76, 163, 80, 179, 102, 179, 454, 141, 469, 139, 458, 151, 445, 152, 424, 151, 419, 148, 416, 147, 408, 148, 404, 150, 391, 152, 380, 154, 375, 161, 365, 168, 359, 192, 348, 210, 344, 259, 335, 287, 333, 354, 298, 390, 284, 
0, 558, 256, 557, 260, 545, 265, 518, 274, 502, 277, 473, 278, 459, 280, 431, 287, 416, 290, 391, 288, 383, 284, 373, 280, 370, 278, 368, 277, 369, 276, 370, 276, 367, 286, 363, 291, 357, 295, 354, 301, 354, 302, 353, 309, 351, 310, 350, 311, 347, 306, 346, 304, 349, 301, 350, 304, 343, 312, 337, 316, 323, 320, 313, 319, 310, 318, 309, 313, 322, 308, 338, 303, 353, 298, 366, 291, 383, 289, 406, 288, 430, 288, 439, 287, 427, 280, 419, 285, 417, 299, 418, 349, 402, 371, 386, 386, 323, 366, 227, 354, 100, 405, 33, 410, -77, 407, -156, 399, -185, 397, -227, 394, -242, 400, -263, 408, -270, 411, -277, 402, 
0, -231, 340, -188, 118, -162, 87, -126, 82, -113, 81, -94, 80, -83, 86, -77, 110, -78, 140, -79, 155, -81, 185, -82, 199, -87, 261, -91, 301, -93, 328, -96, 362, -97, 368, -101, 375, -103, 387, -108, 388, -109, 381, -110, 345, -109, 327, -109, 337, -110, 367, -111, 379, -113, 389, -114, 394, -115, 398, -116, 398, -116, 397, -115, 391, -115, 394, -115, 398, -116, 404, -118, 421, -119, 434, -121, 449, -123, 450, -126, 452, -127, 446, -127, 446, -128, 450, -129, 454, -132, 466, -132, 469, -134, 487, -135, 494, -143, 505, -151, 511, -156, 506, -163, 508, -166, 513, -171, 533, -173, 526, -175, 513, -176, 507, -177, 502, -177, 516, -177, 515, 
