0, 121, 315, 121, 315, 121, 315, 121, 315, 121, 315, 121, 315, 121, 315, 121, 315, 121, 315, 121, 315, 121, 315, 121, 315, 121, 315, 121, 315, 121, 315, 121, 315, 121, 315, 121, 315, 121, 315, 121, 314, 121, 315, 121, 315, 120, 314, 120, 315, 120, 315, 121, 315, 121, 315, 121, 315, 121, 315, 121, 315, 121, 315, 121, 315, 121, 315, 121, 315, 121, 315, 121, 315, 121, 315, 121, 315, 121, 315, 121, 315, 121, 315, 121, 315, 121, 315, 121, 315, 121, 315, 121, 315, 121, 315, 122, 315, 122, 314, 122, 315, 122, 315, 122, 315, 121, 315, 121, 315, 121, 315, 121, 315, 121, 315, 121, 315, 121, 315, 121, 315, 
0, 122, 315, 122, 315, 122, 315, 122, 315, 122, 315, 122, 315, 122, 315, 122, 315, 122, 313, 121, 312, 121, 309, 121, 308, 121, 309, 121, 310, 121, 309, 121, 309, 120, 309, 120, 310, 119, 317, 119, 324, 118, 339, 114, 352, 107, 376, 102, 374, 89, 364, 71, 361, 49, 326, 39, 314, 24, 323, 16, 332, 3, 340, -5, 349, -22, 411, -32, 437, -54, 480, -78, 545, -90, 564, -107, 521, -113, 497, -122, 479, -120, 487, -107, 502, -86, 511, -69, 516, -43, 544, -39, 554, -47, 564, -53, 559, -66, 551, -78, 556, -83, 558, -88, 544, -89, 530, -87, 512, -85, 507, -76, 501, -72, 500, -66, 500, -64, 497, -59, 495, 
0, -33, 495, -30, 496, -25, 503, -23, 505, -21, 509, -19, 519, -19, 522, -19, 527, -20, 531, -24, 526, -26, 522, -28, 512, -28, 506, -25, 501, -22, 494, -21, 491, -19, 490, -18, 481, -14, 483, -16, 480, -16, 491, -16, 486, -22, 484, -29, 483, -47, 490, -60, 493, -112, 515, -159, 595, -75, 639, -31, 693, 32, 701, 10, 654, -17, 647, -13, 658, 4, 667, 32, 675, 42, 671, 49, 670, 51, 675, 56, 672, 62, 669, 66, 668, 78, 665, 83, 665, 97, 661, 100, 662, 103, 659, 106, 658, 113, 658, 119, 656, 123, 656, 125, 656, 124, 655, 126, 654, 128, 654, 133, 655, 140, 654, 147, 646, 149, 635, 153, 633, 
0, 182, 612, 177, 632, 174, 632, 175, 552, 176, 551, 185, 538, 193, 455, 191, 423, 185, 424, 174, 405, 169, 357, 170, 356, 173, 368, 180, 399, 187, 381, 182, 374, 177, 357, 162, 346, 154, 332, 148, 334, 113, 354, 110, 333, 99, 356, 95, 376, 90, 415, 86, 432, 84, 428, 82, 436, 78, 430, 66, 456, 57, 462, 39, 461, 28, 444, 15, 425, 9, 411, -6, 403, -17, 402, -23, 401, -30, 403, -30, 410, -18, 397, -13, 374, -1, 351, 2, 333, -14, 302, -72, 265, -103, 258, -119, 258, -96, 277, -57, 323, -51, 310, -64, 276, -72, 259, -67, 276, -63, 272, -59, 250, -68, 226, -73, 216, -75, 222, -71, 237, 
0, -25, 380, -46, 369, -62, 357, -96, 326, -110, 319, -114, 309, -108, 311, -108, 275, -98, 296, -100, 279, -106, 286, -112, 287, -129, 273, -137, 263, -153, 234, -169, 203, -176, 195, -177, 182, -172, 177, -172, 172, -178, 172, -156, 174, -141, 173, -117, 171, -114, 171, -121, 197, -147, 249, -166, 270, -179, 304, -169, 307, -148, 330, -137, 334, -113, 317, -102, 298, -85, 258, -75, 254, -72, 256, -70, 250, -72, 246, -84, 235, -90, 231, -90, 237, -87, 249, -79, 277, -75, 311, -68, 324, -64, 317, -62, 289, -57, 261, -54, 252, -48, 255, -46, 271, -47, 317, -53, 349, -69, 363, -85, 393, -95, 396, -114, 483, -110, 484, -105, 454, 
0, -118, 350, -124, 339, -120, 420, -72, 506, -53, 533, -32, 573, -29, 595, -28, 609, -20, 636, 0, 628, 8, 629, 15, 624, 27, 607, 39, 608, 39, 590, 45, 572, 61, 545, 79, 550, 87, 547, 92, 566, 94, 565, 90, 568, 85, 566, 81, 561, 78, 568, 71, 565, 67, 563, 66, 563, 67, 563, 70, 561, 73, 563, 75, 560, 77, 559, 78, 559, 79, 558, 80, 558, 81, 557, 81, 556, 81, 556, 81, 556, 81, 556, 80, 554, 78, 554, 72, 553, 67, 554, 57, 554, 50, 550, 34, 548, 13, 546, 2, 547, -23, 544, -37, 547, -39, 546, -30, 546, -17, 544, -13, 544, -7, 542, -4, 541, -4, 540, -4, 540, 
0, 79, 531, 79, 532, 79, 532, 79, 531, 78, 530, 78, 530, 78, 530, 78, 532, 78, 531, 78, 531, 78, 531, 78, 532, 78, 531, 79, 531, 79, 531, 81, 531, 83, 530, 88, 530, 90, 530, 94, 531, 97, 530, 98, 531, 100, 531, 102, 529, 103, 529, 104, 529, 106, 528, 106, 529, 106, 528, 105, 528, 105, 528, 105, 528, 104, 528, 104, 530, 103, 530, 103, 531, 103, 530, 103, 530, 102, 529, 102, 529, 103, 528, 103, 528, 104, 528, 108, 528, 112, 527, 116, 527, 123, 528, 126, 527, 133, 527, 141, 527, 150, 527, 156, 527, 168, 527, 174, 527, 188, 527, 195, 527, 207, 527, 212, 528, 216, 528, 216, 530, 
0, 200, 535, 199, 532, 199, 531, 199, 531, 199, 530, 200, 530, 204, 529, 209, 529, 213, 528, 216, 527, 218, 525, 221, 524, 224, 525, 229, 525, 232, 525, 236, 526, 243, 526, 246, 532, 255, 541, 259, 548, 261, 556, 261, 559, 255, 563, 250, 567, 238, 563, 228, 561, 223, 560, 223, 561, 228, 564, 237, 565, 242, 565, 254, 565, 271, 564, 281, 563, 299, 562, 306, 562, 311, 562, 310, 562, 306, 564, 302, 565, 295, 565, 289, 564, 286, 565, 282, 564, 280, 564, 276, 562, 273, 565, 268, 564, 265, 564, 258, 561, 252, 562, 249, 562, 245, 561, 243, 561, 241, 558, 240, 559, 239, 558, 239, 557, 241, 557, 243, 556, 
0, 251, 554, 251, 554, 250, 554, 246, 554, 245, 554, 242, 553, 238, 554, 237, 553, 236, 553, 236, 553, 236, 553, 238, 552, 238, 552, 238, 552, 238, 552, 238, 551, 237, 551, 238, 551, 240, 551, 247, 551, 259, 550, 273, 551, 284, 550, 293, 549, 302, 550, 306, 550, 315, 550, 323, 550, 329, 550, 331, 550, 332, 550, 329, 549, 327, 550, 320, 550, 317, 550, 314, 549, 309, 549, 307, 549, 307, 549, 306, 549, 305, 548, 304, 548, 302, 548, 302, 548, 306, 548, 316, 548, 322, 548, 335, 548, 344, 548, 346, 547, 350, 547, 358, 547, 371, 547, 384, 546, 388, 546, 390, 546, 386, 546, 385, 545, 378, 546, 372, 546, 
1, 376, 546, 377, 546, 378, 546, 379, 545, 381, 545, 388, 545, 393, 546, 396, 545, 398, 545, 398, 545, 400, 546, 402, 545, 402, 546, 395, 546, 389, 546, 372, 546, 350, 545, 340, 545, 325, 545, 326, 546, 360, 525, 507, 460, 625, 353, 916, 215, 1224, 141, 1732, 134, 1934, 126, 2382, 105, 2963, 86, 3232, 79, 3689, 66, 4091, 57, 4232, 53, 4482, 48, 4588, 48, 4773, 47, 4914, 46, 4971, 45, 5058, 45, 5113, 45, 5127, 45, 5151, 44, 5159, 43, 5166, 43, 5168, 44, 5167, 45, 5156, 46, 5155, 47, 5140, 54, 5124, 63, 5073, 139, 4396, 200, 3053, 545, 2504, 586, 1671, 585, 1124, 579, 927, 581, 643, 576, 540, 576, 392, 577, 
0, 179, 575, 159, 571, 145, 575, 141, 575, 135, 573, 133, 572, 133, 571, 135, 571, 137, 569, 144, 568, 148, 568, 158, 568, 169, 567, 176, 568, 189, 569, 192, 570, 192, 567, 187, 566, 182, 566, 175, 565, 172, 565, 167, 564, 165, 564, 164, 566, 167, 570, 175, 569, 180, 570, 192, 566, 203, 568, 207, 572, 211, 571, 215, 569, 219, 570, 231, 572, 240, 575, 261, 576, 272, 573, 270, 571, 266, 571, 253, 572, 241, 571, 240, 572, 246, 571, 263, 572, 272, 572, 284, 571, 287, 572, 292, 572, 294, 571, 299, 571, 303, 570, 303, 569, 303, 568, 308, 567, 318, 568, 326, 567, 342, 567, 348, 565, 349, 565, 350, 564, 
1, 364, 564, 368, 563, 369, 563, 376, 563, 381, 562, 391, 562, 393, 563, 392, 562, 390, 562, 387, 562, 388, 562, 389, 562, 383, 561, 378, 561, 365, 561, 360, 562, 347, 562, 341, 561, 323, 562, 313, 562, 293, 561, 278, 562, 274, 561, 274, 560, 282, 561, 458, 271, 721, 140, 1483, 97, 2103, 84, 2430, 79, 2947, 70, 3152, 66, 3485, 62, 3638, 60, 3902, 58, 4016, 57, 4249, 54, 4344, 53, 4480, 51, 4565, 51, 4564, 50, 4572, 50, 4570, 49, 4558, 50, 4542, 50, 4515, 50, 4502, 50, 4480, 51, 4453, 54, 4435, 56, 4336, 62, 4176, 76, 4077, 86, 3974, 99, 3679, 168, 2944, 509, 2446, 525, 1665, 516, 1377, 514, 958, 512, 
0, 378, 511, 347, 510, 302, 512, 273, 512, 263, 510, 252, 511, 249, 511, 245, 510, 244, 510, 242, 512, 241, 513, 241, 512, 241, 511, 241, 510, 241, 510, 241, 509, 241, 509, 242, 508, 242, 509, 244, 508, 244, 507, 244, 507, 244, 507, 244, 507, 245, 508, 245, 507, 244, 507, 245, 506, 245, 505, 247, 505, 247, 505, 245, 506, 243, 504, 243, 504, 243, 504, 243, 503, 242, 502, 242, 503, 242, 501, 241, 502, 241, 502, 240, 502, 239, 503, 239, 503, 239, 503, 239, 504, 239, 504, 239, 507, 239, 511, 239, 519, 239, 525, 239, 527, 238, 529, 233, 526, 231, 525, 226, 520, 224, 520, 222, 519, 216, 518, 213, 517, 
0, 185, 519, 178, 513, 176, 513, 170, 517, 166, 516, 163, 513, 161, 515, 159, 515, 158, 512, 158, 513, 157, 514, 157, 514, 157, 513, 157, 512, 157, 512, 156, 512, 156, 512, 156, 512, 154, 512, 153, 512, 151, 512, 150, 512, 149, 512, 148, 511, 147, 511, 147, 511, 147, 511, 149, 512, 150, 513, 151, 512, 152, 512, 154, 514, 155, 514, 155, 514, 156, 514, 157, 513, 158, 513, 158, 513, 158, 513, 158, 513, 159, 512, 158, 512, 158, 511, 158, 511, 158, 511, 158, 510, 158, 509, 157, 509, 155, 509, 154, 509, 152, 509, 149, 509, 148, 509, 148, 509, 147, 509, 145, 509, 145, 509, 143, 510, 142, 510, 143, 509, 
0, 143, 509, 144, 509, 144, 510, 144, 510, 144, 510, 144, 510, 143, 510, 143, 509, 143, 509, 143, 509, 143, 508, 142, 509, 142, 508, 142, 508, 142, 508, 142, 508, 142, 508, 142, 508, 142, 508, 142, 508, 142, 508, 142, 508, 142, 507, 142, 507, 142, 507, 142, 507, 142, 507, 142, 507, 142, 507, 141, 508, 141, 508, 141, 507, 141, 507, 141, 507, 141, 507, 141, 507, 141, 506, 141, 506, 141, 506, 141, 506, 141, 506, 141, 506, 140, 506, 140, 506, 140, 507, 140, 506, 140, 506, 140, 506, 140, 506, 140, 506, 139, 506, 139, 506, 139, 506, 139, 506, 139, 506, 139, 506, 138, 506, 137, 506, 137, 506, 137, 506, 
1, 137, 506, 137, 506, 137, 506, 136, 506, 135, 506, 136, 506, 136, 506, 135, 506, 135, 505, 135, 505, 135, 505, 135, 505, 135, 505, 135, 506, 135, 505, 135, 505, 135, 505, 135, 505, 135, 505, 135, 505, 135, 505, 135, 505, 135, 505, 136, 505, 136, 505, 137, 504, 138, 504, 138, 504, 139, 504, 141, 504, 150, 505, 160, 505, 1157, 124, 1907, 184, 3110, 232, 3623, 318, 3548, 315, 3656, 291, 3674, 312, 2792, 540, 2301, 536, 1544, 524, 1264, 522, 854, 527, 707, 525, 495, 519, 359, 515, 309, 519, 239, 516, 214, 514, 176, 514, 163, 515, 144, 512, 137, 513, 126, 512, 119, 512, 115, 509, 113, 508, 109, 510, 108, 508, 
0, 108, 508, 108, 507, 107, 507, 107, 507, 107, 506, 107, 507, 108, 506, 108, 506, 107, 505, 107, 505, 107, 505, 109, 505, 108, 506, 108, 505, 108, 505, 108, 505, 108, 505, 108, 505, 108, 505, 108, 504, 108, 503, 108, 503, 108, 503, 108, 503, 109, 504, 109, 503, 109, 504, 109, 504, 110, 503, 110, 503, 109, 501, 109, 501, 109, 500, 110, 501, 110, 501, 110, 501, 110, 500, 110, 499, 110, 499, 111, 498, 111, 499, 111, 499, 111, 499, 110, 499, 110, 500, 110, 498, 110, 498, 110, 497, 111, 498, 111, 497, 112, 497, 113, 498, 113, 497, 113, 497, 113, 496, 114, 495, 114, 495, 114, 495, 114, 495, 114, 495, 
1, 115, 494, 115, 494, 115, 494, 115, 494, 115, 494, 115, 494, 114, 495, 114, 494, 114, 494, 114, 494, 115, 493, 115, 494, 115, 494, 116, 493, 116, 493, 116, 493, 116, 493, 116, 493, 116, 493, 116, 493, 116, 493, 116, 493, 116, 493, 117, 492, 117, 493, 117, 492, 117, 492, 117, 492, 117, 492, 117, 492, 117, 492, 118, 492, 118, 492, 118, 492, 118, 492, 118, 491, 118, 491, 118, 491, 118, 491, 118, 490, 118, 491, 118, 491, 118, 491, 118, 491, 118, 491, 119, 491, 121, 490, 127, 490, 134, 492, 326, 114, 1706, 60, 2743, 70, 2822, 117, 2614, 93, 2669, 92, 2724, 127, 2068, 521, 1723, 523, 1178, 500, 811, 499, 
0, 247, 498, 204, 496, 175, 498, 165, 500, 150, 497, 141, 495, 136, 495, 132, 493, 131, 491, 128, 492, 127, 492, 126, 491, 125, 491, 125, 490, 124, 490, 124, 489, 124, 490, 124, 490, 123, 490, 124, 489, 124, 489, 123, 489, 123, 489, 123, 488, 123, 489, 123, 487, 123, 487, 123, 487, 123, 486, 124, 487, 124, 487, 124, 486, 124, 486, 126, 485, 126, 485, 126, 485, 128, 485, 128, 484, 130, 484, 131, 484, 132, 484, 133, 483, 135, 483, 135, 482, 136, 482, 137, 481, 137, 481, 138, 481, 138, 481, 138, 481, 138, 481, 139, 480, 139, 480, 139, 480, 139, 480, 139, 480, 140, 480, 140, 480, 140, 480, 140, 479, 
0, 141, 478, 141, 478, 141, 477, 141, 477, 141, 477, 141, 477, 142, 477, 142, 477, 142, 477, 142, 477, 142, 477, 142, 476, 142, 476, 142, 476, 142, 476, 142, 476, 142, 476, 142, 476, 142, 476, 142, 476, 142, 476, 142, 476, 142, 476, 142, 475, 142, 475, 142, 477, 142, 476, 142, 476, 142, 476, 142, 476, 142, 476, 142, 476, 142, 476, 142, 476, 142, 476, 142, 476, 142, 476, 142, 475, 142, 476, 142, 476, 142, 476, 142, 477, 142, 478, 142, 477, 142, 477, 141, 476, 141, 476, 141, 476, 141, 475, 141, 475, 141, 475, 141, 476, 141, 475, 141, 475, 141, 474, 141, 475, 141, 474, 141, 473, 141, 473, 141, 474, 
1, 141, 476, 141, 475, 141, 475, 141, 475, 141, 473, 141, 474, 141, 472, 141, 473, 141, 472, 141, 472, 141, 472, 141, 472, 141, 472, 141, 471, 141, 472, 141, 472, 141, 471, 141, 472, 141, 471, 141, 471, 141, 471, 141, 471, 141, 471, 141, 471, 141, 471, 141, 471, 141, 471, 141, 471, 141, 470, 142, 471, 147, 471, 150, 471, 166, 470, 198, 471, 1559, 52, 2724, 57, 3153, 72, 3685, 92, 3848, 87, 4119, 80, 4313, 91, 4307, 122, 3792, 160, 2697, 516, 1820, 511, 1233, 509, 1019, 509, 709, 506, 508, 504, 436, 504, 331, 503, 293, 504, 239, 504, 204, 502, 192, 502, 174, 500, 167, 499, 158, 499, 152, 499, 150, 499, 
0, 141, 496, 141, 496, 141, 495, 141, 495, 141, 496, 141, 495, 141, 496, 141, 496, 141, 495, 141, 495, 141, 494, 141, 494, 141, 493, 141, 493, 141, 493, 141, 492, 141, 492, 141, 492, 141, 492, 141, 493, 141, 492, 141, 492, 141, 493, 141, 493, 141, 493, 141, 493, 142, 493, 142, 493, 143, 493, 143, 493, 144, 493, 145, 492, 147, 491, 148, 491, 150, 491, 150, 491, 152, 491, 154, 491, 154, 490, 155, 490, 156, 490, 156, 489, 156, 490, 156, 490, 157, 489, 157, 489, 157, 489, 157, 489, 157, 489, 157, 489, 157, 489, 158, 489, 158, 489, 159, 489, 159, 490, 159, 490, 159, 490, 159, 490, 159, 490, 159, 490, 
0, 159, 489, 159, 489, 159, 490, 159, 489, 159, 489, 159, 489, 159, 489, 159, 489, 159, 489, 159, 489, 159, 489, 159, 488, 159, 488, 159, 487, 159, 487, 159, 487, 159, 487, 159, 488, 159, 488, 159, 489, 159, 488, 159, 488, 159, 488, 158, 488, 158, 489, 158, 488, 158, 487, 158, 487, 158, 486, 158, 486, 158, 486, 158, 486, 158, 485, 158, 486, 158, 486, 158, 486, 158, 486, 158, 486, 158, 486, 158, 486, 158, 485, 158, 485, 158, 485, 157, 485, 157, 485, 157, 484, 157, 484, 157, 485, 157, 484, 157, 485, 157, 484, 157, 484, 157, 484, 157, 484, 157, 484, 157, 484, 157, 484, 157, 483, 157, 483, 157, 483, 
1, 157, 482, 156, 482, 156, 482, 155, 482, 155, 482, 155, 482, 155, 482, 156, 482, 156, 483, 156, 483, 156, 482, 156, 482, 156, 483, 156, 483, 156, 483, 156, 483, 156, 483, 157, 483, 157, 483, 157, 482, 158, 483, 158, 483, 160, 483, 163, 483, 173, 482, 187, 483, 715, 235, 1629, 267, 2170, 286, 2693, 282, 3002, 262, 3585, 235, 3827, 236, 4106, 279, 3865, 332, 2984, 428, 2174, 526, 1809, 529, 1251, 528, 1042, 527, 730, 527, 616, 529, 449, 522, 388, 520, 299, 524, 241, 523, 205, 520, 192, 519, 172, 517, 165, 516, 156, 516, 150, 515, 148, 514, 144, 514, 143, 514, 141, 514, 140, 514, 139, 514, 139, 514, 139, 514, 
0, 138, 512, 138, 511, 138, 511, 138, 511, 138, 511, 138, 510, 138, 510, 138, 510, 138, 510, 138, 510, 138, 510, 138, 510, 139, 509, 139, 510, 139, 509, 139, 509, 139, 510, 139, 510, 139, 509, 139, 509, 139, 510, 139, 509, 139, 509, 139, 509, 139, 509, 139, 508, 139, 508, 139, 508, 139, 508, 139, 508, 139, 508, 139, 507, 139, 507, 140, 507, 140, 508, 140, 507, 140, 506, 140, 506, 140, 506, 140, 503, 141, 503, 141, 502, 141, 502, 141, 502, 141, 502, 141, 502, 141, 501, 141, 501, 141, 502, 141, 502, 141, 502, 141, 502, 141, 502, 141, 502, 141, 502, 141, 502, 141, 502, 141, 501, 141, 501, 140, 500, 
0, 140, 500, 140, 500, 140, 500, 140, 501, 140, 501, 140, 500, 140, 500, 140, 500, 140, 500, 140, 499, 140, 500, 140, 498, 140, 498, 140, 498, 140, 498, 140, 498, 140, 499, 140, 499, 140, 498, 140, 499, 140, 498, 140, 498, 140, 498, 140, 498, 140, 498, 140, 498, 140, 497, 140, 497, 140, 497, 140, 497, 140, 497, 140, 496, 140, 496, 140, 497, 140, 496, 140, 496, 140, 496, 141, 496, 141, 496, 141, 496, 141, 497, 141, 497, 141, 497, 141, 497, 141, 497, 141, 496, 141, 496, 141, 496, 142, 496, 142, 495, 142, 495, 142, 495, 142, 495, 142, 495, 142, 495, 142, 495, 142, 495, 142, 494, 142, 495, 142, 494, 
0, 142, 493, 142, 493, 142, 493, 142, 494, 142, 494, 142, 495, 142, 495, 142, 494, 142, 494, 142, 494, 142, 493, 142, 494, 142, 494, 142, 494, 142, 494, 142, 494, 142, 493, 142, 493, 142, 494, 142, 494, 142, 494, 142, 494, 142, 494, 142, 494, 142, 493, 142, 494, 141, 494, 142, 494, 142, 494, 141, 495, 141, 494, 141, 494, 141, 494, 141, 495, 142, 495, 142, 495, 142, 495, 142, 495, 142, 494, 142, 494, 142, 495, 142, 495, 142, 495, 142, 495, 142, 495, 142, 495, 142, 494, 142, 494, 142, 495, 142, 495, 142, 495, 142, 495, 142, 496, 142, 495, 142, 495, 142, 495, 142, 495, 143, 496, 143, 495, 143, 495, 
1, 142, 495, 142, 496, 142, 495, 142, 495, 142, 495, 142, 495, 142, 494, 142, 494, 142, 494, 142, 494, 142, 494, 142, 495, 142, 494, 142, 495, 142, 495, 142, 495, 142, 495, 142, 494, 142, 494, 142, 494, 142, 494, 142, 494, 142, 494, 142, 494, 142, 494, 142, 494, 142, 494, 142, 494, 142, 494, 142, 494, 142, 494, 142, 494, 142, 494, 142, 495, 143, 496, 144, 494, 145, 494, 148, 494, 151, 495, 153, 494, 155, 494, 156, 494, 158, 493, 160, 493, 168, 493, 175, 493, 272, 342, 1005, 93, 2258, 87, 3085, 87, 3376, 87, 3823, 78, 4011, 76, 4295, 75, 4401, 74, 4532, 79, 4507, 85, 4352, 117, 3281, 355, 2725, 493, 
0, 733, 489, 527, 487, 454, 489, 347, 488, 308, 485, 252, 481, 231, 482, 200, 481, 180, 482, 172, 482, 161, 483, 158, 482, 152, 482, 150, 482, 147, 481, 146, 480, 144, 480, 143, 478, 142, 477, 142, 477, 142, 477, 142, 478, 141, 477, 141, 477, 141, 477, 141, 478, 141, 477, 141, 477, 141, 477, 142, 477, 143, 476, 144, 476, 146, 476, 146, 476, 147, 476, 148, 476, 150, 475, 152, 475, 152, 475, 153, 475, 154, 475, 155, 474, 155, 474, 156, 474, 156, 473, 157, 473, 157, 475, 158, 475, 157, 474, 158, 474, 158, 474, 158, 474, 158, 473, 158, 472, 158, 472, 158, 472, 158, 472, 158, 472, 158, 472, 158, 472, 
1, 160, 472, 161, 472, 161, 471, 161, 471, 161, 470, 161, 470, 161, 471, 161, 470, 161, 469, 161, 469, 161, 469, 161, 469, 162, 468, 162, 468, 162, 468, 163, 468, 163, 467, 163, 467, 164, 467, 165, 467, 165, 467, 166, 467, 166, 467, 167, 467, 169, 466, 169, 467, 171, 466, 171, 466, 171, 466, 171, 467, 170, 466, 170, 466, 170, 467, 169, 466, 169, 468, 170, 467, 171, 468, 174, 467, 177, 466, 192, 466, 223, 466, 1291, 53, 2134, 52, 2506, 58, 3023, 74, 3162, 75, 3395, 70, 3491, 70, 3623, 82, 3620, 104, 3079, 317, 2577, 502, 1762, 497, 1457, 497, 1007, 494, 709, 491, 601, 491, 443, 492, 387, 493, 305, 494, 
0, 177, 492, 170, 492, 166, 490, 163, 491, 161, 488, 161, 488, 161, 487, 161, 488, 161, 487, 161, 487, 161, 486, 161, 485, 161, 485, 161, 485, 161, 485, 161, 485, 163, 485, 164, 485, 165, 484, 166, 483, 167, 484, 168, 483, 169, 484, 171, 484, 171, 484, 173, 484, 174, 484, 175, 485, 175, 484, 175, 484, 176, 483, 176, 484, 176, 483, 176, 483, 177, 482, 177, 482, 177, 483, 177, 483, 177, 483, 177, 483, 177, 483, 177, 482, 175, 482, 174, 482, 172, 481, 169, 481, 167, 481, 166, 480, 164, 481, 164, 480, 163, 479, 163, 479, 163, 479, 163, 478, 163, 479, 164, 480, 165, 479, 166, 479, 168, 479, 170, 478, 
1, 176, 480, 177, 479, 178, 478, 178, 478, 179, 477, 179, 477, 180, 477, 180, 477, 180, 477, 180, 476, 180, 476, 180, 475, 180, 475, 180, 475, 180, 475, 180, 474, 180, 475, 180, 474, 180, 474, 180, 473, 181, 473, 181, 473, 182, 474, 183, 473, 187, 473, 190, 474, 199, 476, 212, 476, 858, 67, 2096, 69, 3148, 73, 3505, 77, 4015, 75, 4216, 75, 4507, 81, 4651, 114, 4606, 147, 4469, 206, 3407, 480, 2812, 472, 1903, 468, 1567, 464, 1073, 465, 751, 464, 635, 463, 465, 460, 404, 461, 316, 460, 285, 460, 240, 459, 224, 459, 200, 459, 186, 458, 181, 457, 173, 456, 170, 458, 166, 457, 165, 456, 163, 456, 162, 456, 
0, 161, 454, 161, 453, 161, 455, 161, 455, 161, 455, 161, 455, 162, 454, 162, 454, 162, 452, 162, 453, 162, 452, 162, 452, 162, 452, 162, 451, 162, 450, 162, 450, 162, 449, 162, 449, 162, 448, 162, 448, 162, 447, 163, 447, 163, 447, 163, 447, 163, 447, 163, 446, 163, 446, 164, 446, 164, 445, 164, 445, 164, 445, 164, 445, 163, 444, 163, 444, 163, 444, 163, 444, 163, 444, 162, 445, 162, 445, 162, 444, 162, 445, 162, 444, 162, 444, 162, 444, 162, 444, 162, 443, 162, 443, 162, 443, 162, 443, 162, 443, 162, 443, 162, 443, 162, 443, 163, 442, 163, 442, 163, 443, 164, 443, 165, 443, 166, 443, 167, 442, 
0, 173, 442, 173, 442, 174, 442, 174, 442, 175, 442, 175, 442, 175, 441, 175, 441, 175, 441, 175, 441, 175, 441, 175, 441, 175, 441, 175, 441, 175, 441, 176, 441, 177, 441, 177, 441, 177, 441, 177, 440, 177, 441, 177, 440, 176, 440, 175, 440, 175, 440, 175, 439, 174, 439, 173, 440, 173, 439, 173, 439, 172, 439, 171, 439, 171, 440, 171, 439, 171, 439, 171, 438, 171, 439, 170, 439, 170, 439, 170, 439, 169, 439, 169, 439, 170, 439, 170, 439, 170, 439, 169, 439, 170, 441, 170, 441, 169, 440, 169, 441, 169, 440, 169, 441, 169, 441, 168, 440, 168, 441, 168, 441, 168, 440, 169, 440, 168, 440, 168, 440, 
0, 169, 439, 168, 439, 168, 439, 169, 439, 170, 439, 170, 439, 170, 438, 170, 439, 169, 438, 169, 438, 169, 439, 169, 438, 169, 438, 168, 438, 168, 438, 169, 438, 169, 439, 169, 439, 171, 438, 172, 438, 173, 437, 174, 438, 175, 438, 176, 438, 177, 438, 177, 438, 177, 438, 177, 437, 177, 438, 177, 437, 177, 438, 176, 437, 175, 438, 175, 437, 175, 437, 175, 437, 175, 437, 174, 437, 173, 437, 173, 437, 173, 436, 173, 436, 173, 435, 173, 436, 173, 435, 173, 435, 174, 435, 174, 435, 174, 435, 174, 435, 175, 435, 175, 435, 175, 435, 175, 436, 175, 435, 175, 436, 175, 436, 175, 435, 175, 435, 175, 434, 
1, 176, 434, 176, 435, 176, 435, 175, 434, 175, 434, 175, 435, 175, 435, 174, 435, 174, 435, 174, 435, 174, 436, 174, 435, 174, 436, 174, 436, 175, 436, 175, 436, 175, 436, 175, 436, 176, 436, 176, 436, 176, 436, 177, 436, 178, 436, 178, 436, 179, 436, 183, 436, 186, 436, 211, 435, 341, 117, 1448, 48, 2402, 45, 2806, 46, 3371, 46, 3596, 45, 3975, 43, 4129, 42, 4358, 43, 4406, 43, 4387, 47, 4369, 51, 4181, 72, 3548, 125, 3072, 225, 2133, 473, 1768, 469, 1222, 468, 1022, 469, 727, 471, 620, 474, 462, 473, 406, 475, 324, 473, 269, 471, 249, 472, 220, 468, 209, 469, 192, 470, 186, 469, 177, 468, 172, 466, 
0, 165, 465, 165, 464, 166, 465, 166, 465, 167, 464, 168, 463, 169, 463, 170, 462, 171, 463, 172, 462, 172, 462, 173, 461, 173, 461, 173, 462, 173, 460, 174, 461, 174, 460, 173, 459, 174, 459, 174, 458, 174, 457, 174, 458, 174, 458, 174, 458, 174, 457, 174, 457, 174, 457, 175, 456, 175, 456, 175, 455, 175, 455, 177, 455, 177, 455, 177, 455, 177, 454, 177, 453, 178, 454, 178, 454, 178, 453, 178, 453, 178, 453, 178, 454, 177, 454, 176, 453, 173, 454, 167, 453, 166, 453, 164, 453, 163, 452, 163, 452, 163, 451, 163, 451, 163, 451, 162, 451, 162, 451, 162, 451, 162, 451, 162, 451, 162, 450, 162, 449, 
0, 334, 275, 331, 258, 308, 355, 296, 424, 291, 471, 305, 500, 298, 503, 269, 471, 249, 471, 202, 486, 194, 505, 226, 529, 259, 539, 333, 323, 373, 287, 447, 244, 478, 230, 517, 206, 547, 196, 586, 198, 603, 199, 680, 198, 743, 192, 868, 185, 982, 178, 1077, 172, 1121, 166, 1200, 160, 1235, 157, 1298, 152, 1343, 149, 1359, 149, 1374, 149, 1401, 151, 1417, 151, 1454, 150, 1481, 149, 1492, 148, 1508, 147, 1514, 146, 1531, 143, 1536, 143, 1540, 144, 1540, 148, 1543, 158, 1525, 155, 1529, 150, 1541, 149, 1533, 146, 1485, 149, 1427, 150, 1401, 150, 1349, 152, 1332, 153, 1289, 158, 1266, 162, 1236, 168, 1220, 171, 1186, 178, 1155, 185, 
0, 536, 242, 491, 227, 411, 201, 338, 185, 300, 182, 248, 188, 250, 171, 290, 160, 382, 144, 467, 130, 518, 123, 536, 120, 564, 120, 575, 119, 591, 118, 600, 117, 607, 117, 610, 118, 615, 116, 618, 117, 624, 116, 627, 116, 631, 115, 633, 116, 635, 117, 637, 117, 637, 118, 637, 118, 637, 118, 635, 119, 634, 118, 633, 118, 633, 119, 635, 120, 637, 120, 638, 121, 642, 121, 645, 120, 651, 120, 659, 121, 667, 121, 678, 123, 685, 123, 690, 123, 698, 124, 703, 124, 706, 124, 707, 123, 709, 123, 710, 123, 712, 123, 712, 123, 712, 123, 714, 122, 715, 122, 715, 122, 716, 122, 716, 122, 716, 122, 717, 122, 
