0, 35, 302, 35, 302, 35, 302, 35, 302, 35, 301, 34, 301, 34, 301, 34, 302, 35, 302, 35, 301, 35, 302, 35, 301, 35, 301, 35, 302, 34, 302, 34, 301, 34, 302, 34, 301, 34, 301, 34, 301, 33, 301, 33, 301, 33, 302, 33, 302, 33, 302, 34, 301, 34, 301, 34, 302, 34, 302, 34, 302, 35, 302, 34, 305, 35, 306, 35, 306, 35, 306, 35, 309, 35, 311, 34, 312, 34, 310, 34, 309, 35, 309, 35, 306, 36, 305, 36, 305, 36, 305, 37, 304, 37, 304, 37, 304, 36, 306, 35, 308, 35, 313, 34, 314, 31, 314, 30, 315, 26, 326, 24, 331, 17, 343, 13, 346, 6, 361, 1, 382, 
0, -150, 631, -164, 624, -177, 620, -189, 624, -193, 619, -203, 672, -209, 680, -218, 668, -225, 663, -227, 652, -230, 648, -232, 641, -233, 639, -236, 636, -239, 634, -244, 625, -248, 626, -250, 625, -256, 623, -262, 623, -267, 622, -269, 622, -273, 617, -278, 617, -280, 615, -283, 612, -285, 609, -285, 604, -285, 600, -285, 599, -285, 597, -284, 593, -284, 592, -284, 591, -283, 591, -283, 590, -281, 590, -280, 589, -279, 584, -279, 580, -278, 578, -278, 579, -278, 583, -277, 582, -277, 583, -277, 581, -277, 582, -277, 581, -277, 581, -277, 580, -276, 578, -276, 573, -276, 567, -275, 568, -275, 568, -273, 563, -270, 565, -267, 567, -265, 572, -263, 571, 
0, -263, 564, -266, 561, -268, 561, -270, 562, -271, 562, -273, 559, -274, 559, -274, 557, -275, 555, -276, 557, -276, 556, -276, 557, -276, 557, -276, 562, -276, 568, -276, 578, -276, 582, -277, 586, -278, 589, -279, 587, -281, 598, -281, 606, -279, 607, -278, 624, -276, 621, -274, 618, -270, 627, -266, 627, -264, 629, -262, 624, -262, 622, -262, 623, -264, 632, -265, 642, -263, 658, -259, 656, -250, 640, -244, 622, -234, 590, -229, 574, -216, 557, -201, 546, -193, 540, -179, 546, -172, 549, -155, 547, -146, 542, -128, 551, -119, 553, -101, 551, -82, 550, -73, 549, -58, 547, -46, 548, -40, 546, -31, 547, -27, 548, -19, 554, -12, 554, -9, 553, 
0, 5, 544, 7, 545, 9, 546, 12, 543, 12, 543, 13, 545, 14, 542, 15, 545, 16, 549, 16, 546, 16, 536, 16, 534, 16, 541, 15, 542, 10, 538, 8, 533, 3, 529, -3, 526, -6, 527, -15, 534, -20, 541, -31, 548, -36, 552, -44, 551, -50, 551, -53, 549, -57, 550, -58, 552, -58, 547, -58, 544, -57, 545, -57, 557, -57, 561, -57, 569, -57, 565, -57, 563, -57, 567, -53, 566, -39, 559, -18, 549, -2, 562, 2, 567, 8, 570, 11, 569, 18, 573, 27, 580, 29, 625, 27, 646, 15, 672, 8, 676, -7, 682, -21, 672, -28, 659, -38, 687, -42, 668, -41, 595, -40, 578, -37, 556, -33, 545, -27, 534, 
0, -12, 492, -8, 541, -5, 563, -1, 643, 8, 657, 14, 655, 29, 665, 40, 674, 44, 678, 47, 669, 52, 595, 62, 586, 65, 582, 65, 582, 63, 579, 60, 577, 59, 573, 57, 572, 55, 570, 54, 569, 51, 569, 51, 568, 50, 568, 50, 568, 51, 567, 54, 567, 57, 577, 75, 596, 96, 620, 105, 622, 134, 619, 190, 615, 207, 621, 208, 624, 205, 614, 202, 612, 185, 602, 168, 597, 127, 589, 107, 598, 78, 565, 78, 502, 79, 477, 84, 312, 84, 391, 79, 568, 78, 548, 62, 540, 47, 536, 42, 545, 32, 558, 33, 446, 39, 415, 53, 463, 60, 431, 63, 407, 73, 663, 97, 590, 109, 597, 131, 609, 
0, 93, 606, 66, 610, 31, 611, 12, 639, -19, 623, -36, 621, -40, 616, -41, 646, -29, 663, -24, 647, -21, 596, -22, 551, -27, 571, -31, 631, -32, 635, -37, 601, -39, 576, -40, 561, -39, 559, -38, 555, -38, 550, -38, 534, -38, 531, -36, 492, -29, 452, -22, 428, -8, 328, 0, 302, 10, 262, 10, 249, 13, 284, 34, 297, 61, 324, 58, 355, 22, 390, -13, 414, -27, 477, -46, 587, -51, 614, -62, 680, -67, 660, -74, 629, -76, 617, -81, 617, -85, 616, -87, 618, -90, 615, -91, 613, -93, 624, -95, 624, -95, 625, -96, 626, -96, 621, -96, 611, -98, 576, -101, 563, -115, 545, -123, 559, -140, 563, -149, 563, 
0, -205, 647, -217, 668, -232, 602, -241, 537, -243, 497, -243, 366, -240, 376, -237, 367, -229, 373, -216, 409, -208, 427, -188, 411, -167, 366, -160, 393, -151, 526, -145, 506, -139, 513, -134, 510, -120, 497, -114, 505, -104, 501, -99, 496, -98, 493, -94, 490, -91, 469, -88, 473, -90, 450, -91, 452, -84, 447, -67, 456, -58, 455, -43, 449, -36, 451, -32, 472, -21, 510, -17, 524, -11, 534, -10, 531, -8, 522, -6, 516, -2, 510, 5, 504, 9, 500, 18, 500, 26, 511, 38, 489, 40, 488, 38, 552, 37, 543, 33, 577, 15, 635, -2, 653, -41, 671, -55, 639, -66, 576, -60, 560, -35, 520, -4, 507, 9, 500, 28, 497, 
0, 34, 531, 28, 546, 16, 579, 10, 598, 0, 618, -7, 634, -10, 636, -12, 644, -11, 650, -9, 641, -9, 638, -10, 635, -12, 633, -13, 633, -15, 631, -16, 631, -18, 630, -20, 629, -20, 629, -22, 628, -23, 629, -23, 628, -23, 627, -25, 627, -25, 627, -25, 626, -27, 626, -27, 625, -28, 625, -27, 625, -27, 625, -27, 625, -27, 625, -27, 625, -27, 624, -27, 624, -27, 623, -27, 623, -25, 622, -25, 621, -25, 622, -25, 620, -25, 621, -25, 620, -25, 620, -25, 620, -23, 620, -21, 621, -21, 621, -20, 620, -19, 620, -17, 620, -15, 621, -11, 620, -8, 620, -3, 620, -1, 620, 4, 620, 8, 620, 11, 621, 
0, 54, 619, 62, 619, 73, 618, 88, 620, 95, 621, 110, 619, 124, 618, 130, 619, 133, 618, 136, 619, 151, 619, 175, 619, 184, 619, 189, 619, 186, 619, 173, 619, 162, 618, 151, 619, 144, 618, 127, 618, 118, 618, 98, 618, 88, 617, 68, 617, 50, 617, 41, 617, 26, 617, 13, 617, 7, 617, -2, 617, -5, 617, -9, 617, -11, 617, -14, 617, -15, 617, -17, 616, -19, 616, -19, 616, -19, 616, -19, 616, -19, 616, -19, 616, -20, 615, -20, 615, -20, 615, -20, 615, -20, 615, -20, 615, -19, 615, -19, 615, -19, 614, -19, 614, -19, 614, -21, 615, -21, 614, -21, 614, -21, 614, -20, 614, -20, 614, -21, 614, 
0, -20, 614, -20, 614, -20, 614, -20, 614, -20, 613, -20, 614, -20, 614, -20, 613, -20, 613, -20, 613, -20, 613, -20, 613, -20, 613, -20, 613, -20, 613, -20, 613, -20, 612, -20, 612, -20, 612, -21, 612, -21, 611, -21, 611, -21, 611, -21, 611, -20, 612, -21, 611, -21, 611, -21, 611, -21, 611, -21, 611, -22, 611, -22, 611, -22, 611, -23, 610, -23, 610, -23, 610, -23, 610, -23, 610, -23, 611, -23, 610, -23, 611, -23, 611, -23, 610, -23, 610, -23, 611, -22, 610, -22, 610, -22, 611, -22, 611, -22, 611, -22, 611, -22, 610, -22, 610, -22, 611, -22, 610, -22, 610, -22, 610, -22, 610, -20, 610, -20, 610, 
0, 18, 584, 18, 583, 18, 584, 18, 584, 18, 583, 18, 584, 18, 583, 18, 582, 18, 583, 18, 582, 18, 583, 18, 583, 18, 582, 18, 583, 18, 583, 18, 583, 17, 583, 17, 582, 17, 582, 17, 582, 17, 582, 17, 583, 17, 582, 17, 582, 17, 582, 17, 582, 17, 582, 17, 582, 17, 581, 18, 582, 18, 583, 18, 583, 18, 582, 18, 583, 18, 583, 18, 582, 18, 582, 18, 582, 18, 582, 18, 582, 18, 582, 18, 582, 18, 581, 18, 581, 18, 581, 18, 582, 18, 582, 18, 582, 18, 582, 18, 582, 18, 582, 18, 581, 18, 581, 18, 581, 18, 581, 18, 581, 18, 581, 18, 581, 18, 580, 18, 580, 
0, 18, 580, 18, 581, 18, 580, 18, 580, 19, 580, 19, 580, 19, 580, 19, 580, 19, 580, 19, 581, 19, 581, 19, 581, 19, 581, 19, 581, 19, 581, 19, 581, 19, 580, 19, 580, 19, 580, 19, 580, 19, 580, 19, 581, 19, 581, 19, 581, 19, 581, 19, 581, 19, 581, 19, 581, 19, 581, 19, 580, 19, 580, 19, 580, 19, 580, 18, 580, 18, 580, 18, 580, 18, 579, 18, 580, 19, 579, 19, 580, 19, 579, 19, 579, 19, 579, 19, 579, 19, 579, 19, 579, 19, 579, 19, 579, 20, 579, 20, 579, 19, 579, 19, 579, 19, 579, 19, 579, 19, 579, 19, 579, 19, 579, 19, 579, 19, 579, 19, 579, 
1, 18, 579, 18, 579, 18, 579, 18, 579, 19, 579, 19, 579, 19, 579, 19, 578, 19, 579, 19, 579, 19, 579, 18, 578, 18, 578, 19, 578, 19, 579, 19, 579, 19, 578, 19, 579, 19, 578, 19, 579, 19, 579, 19, 579, 18, 579, 18, 579, 18, 579, 18, 579, 19, 578, 19, 579, 19, 579, 19, 579, 19, 579, 19, 578, 19, 578, 19, 578, 19, 579, 19, 578, 19, 578, 19, 578, 19, 578, 19, 578, 19, 578, 19, 578, 19, 578, 19, 578, 19, 578, 19, 578, 19, 578, 19, 578, 20, 578, 20, 578, 20, 578, 20, 579, 20, 579, 20, 579, 20, 578, 21, 578, 22, 578, 22, 578, 24, 578, 25, 578, 
0, 27, 578, 30, 578, 36, 580, 48, 580, 69, 579, 89, 579, 106, 579, 127, 580, 136, 580, 156, 580, 183, 579, 229, 578, 244, 576, 272, 574, 301, 573, 331, 569, 350, 571, 349, 581, 309, 574, 263, 580, 210, 580, 159, 579, 119, 577, 90, 576, 69, 574, 54, 573, 45, 573, 39, 573, 37, 573, 34, 573, 31, 573, 30, 572, 30, 572, 30, 573, 29, 573, 28, 573, 27, 572, 27, 573, 27, 572, 27, 572, 27, 572, 27, 572, 27, 571, 27, 571, 27, 571, 27, 571, 27, 571, 26, 571, 26, 571, 26, 571, 26, 571, 26, 571, 26, 571, 26, 570, 26, 571, 26, 571, 26, 571, 26, 570, 27, 570, 27, 569, 
1, 26, 570, 26, 569, 26, 569, 27, 569, 27, 570, 27, 569, 27, 569, 27, 569, 27, 569, 27, 569, 27, 569, 27, 569, 27, 569, 27, 569, 27, 569, 27, 569, 27, 568, 27, 568, 27, 568, 27, 568, 28, 568, 29, 568, 31, 568, 34, 568, 42, 567, 57, 567, 66, 569, 85, 578, 97, 575, 107, 574, 119, 574, 130, 574, 136, 574, 139, 575, 143, 575, 146, 573, 152, 573, 159, 572, 160, 572, 159, 571, 156, 571, 152, 571, 153, 570, 156, 570, 161, 570, 159, 570, 155, 571, 139, 570, 121, 569, 104, 569, 88, 569, 74, 569, 61, 569, 52, 569, 48, 569, 42, 568, 37, 568, 34, 569, 32, 568, 32, 568, 
0, 28, 568, 27, 568, 27, 568, 27, 568, 27, 568, 28, 567, 28, 567, 27, 568, 27, 568, 27, 567, 27, 567, 27, 568, 27, 568, 27, 568, 27, 568, 27, 568, 27, 568, 27, 568, 27, 567, 27, 567, 27, 567, 27, 567, 27, 567, 27, 567, 27, 567, 27, 567, 27, 567, 27, 567, 27, 567, 27, 567, 27, 567, 27, 567, 27, 567, 27, 567, 27, 567, 27, 567, 27, 567, 27, 567, 28, 567, 28, 567, 28, 567, 28, 567, 28, 567, 28, 566, 28, 565, 28, 565, 27, 565, 28, 565, 28, 565, 28, 565, 29, 565, 29, 565, 29, 565, 29, 565, 29, 565, 28, 565, 28, 564, 28, 565, 28, 565, 28, 565, 
1, 29, 564, 29, 564, 29, 564, 29, 564, 29, 565, 29, 564, 29, 564, 29, 565, 29, 564, 29, 564, 29, 565, 29, 564, 29, 564, 29, 564, 29, 565, 29, 564, 29, 564, 29, 565, 31, 564, 33, 565, 34, 565, 39, 565, 43, 565, 52, 565, 57, 565, 69, 565, 87, 565, 101, 565, 143, 565, 213, 565, 261, 564, 361, 564, 393, 565, 441, 565, 464, 566, 505, 565, 489, 564, 468, 564, 425, 564, 386, 564, 355, 564, 325, 563, 296, 563, 284, 563, 259, 563, 225, 563, 205, 564, 164, 564, 126, 563, 95, 563, 83, 563, 64, 563, 57, 563, 46, 563, 41, 563, 39, 563, 35, 563, 34, 563, 32, 563, 31, 563, 
0, 29, 563, 29, 563, 29, 563, 29, 563, 30, 563, 30, 563, 30, 563, 30, 563, 30, 563, 30, 563, 30, 563, 30, 563, 29, 563, 29, 563, 29, 563, 29, 563, 29, 563, 29, 563, 29, 563, 28, 563, 28, 563, 28, 563, 28, 563, 28, 562, 29, 563, 28, 562, 28, 562, 28, 563, 28, 563, 28, 562, 28, 562, 29, 562, 29, 562, 29, 563, 29, 562, 29, 563, 29, 562, 29, 562, 29, 562, 29, 562, 28, 562, 29, 562, 29, 562, 29, 562, 29, 562, 29, 562, 28, 562, 28, 562, 29, 562, 29, 562, 29, 562, 29, 562, 28, 562, 29, 562, 28, 562, 28, 562, 28, 562, 28, 562, 28, 562, 28, 562, 
1, 29, 562, 29, 562, 29, 562, 29, 562, 29, 562, 29, 562, 29, 562, 29, 562, 29, 562, 28, 562, 28, 562, 28, 561, 28, 561, 28, 561, 28, 561, 28, 561, 28, 561, 28, 561, 28, 561, 28, 561, 28, 561, 28, 562, 29, 562, 31, 561, 33, 561, 36, 561, 41, 561, 45, 561, 55, 561, 71, 561, 96, 562, 114, 561, 134, 561, 180, 562, 204, 562, 248, 562, 280, 563, 293, 564, 315, 561, 324, 561, 335, 561, 336, 561, 334, 561, 338, 560, 343, 560, 364, 563, 378, 563, 411, 560, 428, 561, 449, 566, 423, 572, 397, 568, 337, 566, 271, 566, 205, 566, 175, 566, 127, 565, 93, 564, 80, 564, 61, 564, 
0, 30, 563, 29, 563, 28, 564, 27, 563, 27, 563, 27, 563, 27, 563, 26, 563, 26, 563, 26, 563, 26, 562, 26, 562, 26, 562, 26, 562, 26, 562, 27, 562, 27, 562, 26, 562, 26, 562, 27, 562, 27, 562, 27, 562, 27, 562, 27, 562, 27, 562, 28, 562, 28, 562, 28, 562, 28, 562, 28, 562, 28, 562, 28, 562, 28, 562, 28, 561, 28, 561, 28, 561, 28, 561, 28, 560, 28, 560, 28, 560, 28, 560, 28, 560, 28, 561, 28, 560, 28, 560, 28, 560, 28, 560, 28, 560, 28, 560, 28, 560, 28, 560, 28, 560, 28, 560, 28, 560, 28, 559, 28, 560, 28, 560, 28, 560, 28, 560, 28, 560, 
0, 28, 559, 28, 559, 28, 559, 28, 559, 28, 559, 27, 559, 27, 559, 27, 559, 27, 560, 27, 560, 28, 559, 28, 560, 28, 560, 27, 560, 27, 560, 27, 560, 27, 560, 27, 560, 27, 559, 27, 559, 28, 560, 28, 560, 28, 559, 28, 559, 28, 559, 28, 560, 28, 559, 28, 559, 28, 559, 28, 559, 28, 559, 28, 559, 28, 559, 28, 559, 28, 559, 28, 559, 28, 559, 28, 559, 28, 559, 28, 559, 28, 559, 28, 559, 28, 559, 28, 559, 28, 559, 29, 559, 29, 559, 29, 559, 29, 559, 29, 559, 29, 559, 29, 560, 29, 560, 28, 560, 28, 560, 28, 559, 28, 559, 28, 559, 28, 559, 28, 559, 
1, 27, 559, 27, 559, 28, 558, 28, 559, 28, 559, 29, 559, 29, 559, 29, 559, 28, 559, 27, 559, 27, 558, 27, 559, 27, 559, 28, 558, 29, 558, 29, 558, 29, 559, 29, 559, 29, 559, 29, 559, 29, 558, 28, 559, 28, 558, 28, 558, 28, 558, 28, 558, 28, 558, 28, 558, 28, 558, 27, 558, 27, 558, 28, 558, 28, 559, 29, 558, 30, 559, 32, 559, 34, 559, 39, 560, 44, 559, 62, 560, 92, 560, 124, 563, 140, 564, 156, 568, 200, 570, 257, 571, 278, 571, 292, 568, 290, 568, 290, 568, 321, 570, 364, 567, 461, 565, 479, 567, 469, 572, 463, 571, 501, 544, 524, 565, 499, 565, 410, 569, 
0, 87, 563, 75, 563, 59, 563, 48, 563, 44, 562, 39, 562, 37, 562, 34, 561, 33, 561, 31, 561, 30, 561, 30, 561, 29, 561, 29, 561, 29, 561, 29, 561, 28, 561, 28, 561, 28, 561, 28, 561, 28, 561, 28, 561, 28, 561, 28, 561, 28, 561, 28, 560, 28, 560, 28, 560, 28, 560, 28, 560, 28, 560, 28, 560, 28, 561, 28, 561, 28, 561, 28, 561, 28, 561, 28, 561, 28, 561, 28, 561, 28, 561, 28, 561, 28, 560, 28, 560, 28, 560, 28, 560, 28, 560, 28, 560, 28, 560, 28, 560, 28, 560, 28, 560, 28, 560, 28, 560, 28, 560, 28, 560, 28, 560, 26, 560, 26, 560, 26, 560, 
0, 27, 560, 27, 560, 27, 560, 27, 558, 27, 558, 27, 557, 27, 557, 27, 557, 28, 558, 28, 557, 28, 557, 29, 557, 29, 557, 28, 557, 28, 557, 28, 557, 28, 557, 28, 556, 28, 558, 28, 557, 28, 557, 28, 557, 27, 557, 27, 557, 27, 557, 27, 557, 27, 557, 27, 557, 27, 557, 27, 557, 27, 556, 27, 557, 27, 557, 27, 556, 28, 557, 28, 556, 28, 556, 28, 557, 28, 556, 29, 556, 28, 557, 27, 556, 27, 556, 27, 557, 27, 557, 27, 557, 27, 557, 27, 557, 27, 557, 28, 556, 28, 556, 28, 556, 28, 556, 29, 556, 29, 557, 28, 557, 28, 556, 29, 556, 29, 557, 29, 557, 
1, 28, 556, 27, 556, 27, 556, 28, 556, 28, 556, 28, 556, 28, 556, 28, 556, 28, 557, 29, 556, 29, 556, 29, 556, 29, 556, 29, 556, 29, 556, 29, 556, 29, 556, 29, 557, 29, 556, 29, 556, 29, 556, 29, 556, 29, 556, 28, 556, 28, 556, 29, 556, 28, 557, 28, 556, 28, 556, 29, 557, 30, 556, 31, 556, 33, 557, 36, 557, 45, 556, 52, 556, 70, 556, 80, 556, 104, 556, 116, 562, 140, 561, 167, 560, 180, 559, 201, 559, 208, 560, 217, 558, 218, 558, 216, 559, 213, 559, 212, 558, 216, 558, 220, 558, 226, 558, 226, 558, 223, 559, 220, 560, 211, 558, 195, 558, 183, 558, 153, 557, 
0, 42, 557, 37, 556, 34, 556, 32, 556, 31, 557, 31, 556, 31, 556, 30, 556, 30, 557, 30, 556, 29, 556, 29, 556, 29, 556, 30, 556, 30, 556, 30, 556, 30, 556, 30, 556, 30, 557, 30, 556, 30, 556, 30, 556, 30, 556, 30, 556, 29, 556, 29, 556, 29, 556, 30, 556, 30, 556, 30, 556, 30, 556, 30, 556, 30, 556, 30, 556, 29, 556, 30, 556, 29, 556, 29, 556, 29, 556, 29, 556, 29, 556, 29, 556, 29, 556, 30, 556, 30, 556, 30, 556, 30, 556, 30, 556, 29, 556, 29, 556, 29, 556, 29, 555, 29, 555, 29, 555, 29, 555, 28, 555, 29, 555, 29, 555, 29, 556, 29, 555, 
0, 29, 555, 30, 555, 30, 555, 30, 555, 30, 555, 30, 555, 29, 555, 29, 555, 29, 555, 29, 555, 29, 555, 29, 555, 29, 555, 29, 555, 29, 555, 29, 555, 29, 555, 29, 555, 29, 555, 29, 555, 29, 555, 29, 555, 30, 555, 29, 555, 29, 555, 29, 555, 29, 555, 29, 555, 29, 555, 29, 555, 29, 554, 30, 554, 30, 554, 29, 555, 29, 555, 29, 554, 29, 554, 29, 554, 29, 554, 29, 554, 30, 554, 30, 554, 30, 554, 30, 554, 30, 554, 30, 554, 30, 555, 29, 555, 29, 555, 29, 554, 29, 555, 30, 554, 30, 555, 29, 554, 30, 554, 30, 554, 29, 554, 29, 554, 29, 554, 30, 555, 
1, 29, 554, 29, 554, 30, 554, 29, 554, 29, 555, 29, 554, 29, 554, 29, 554, 29, 555, 29, 554, 29, 554, 29, 554, 29, 554, 29, 554, 29, 554, 30, 554, 30, 554, 30, 554, 30, 554, 30, 554, 30, 555, 30, 554, 29, 555, 29, 554, 29, 554, 29, 555, 29, 554, 29, 554, 29, 554, 29, 554, 29, 555, 29, 554, 29, 554, 29, 554, 29, 554, 29, 554, 29, 554, 30, 554, 33, 554, 34, 554, 40, 554, 49, 554, 54, 554, 67, 554, 74, 554, 94, 554, 108, 553, 145, 554, 165, 554, 188, 554, 190, 554, 185, 554, 180, 553, 172, 554, 169, 553, 165, 554, 163, 553, 162, 553, 161, 554, 161, 554, 
0, 178, 553, 179, 554, 180, 553, 179, 553, 178, 553, 173, 553, 156, 554, 144, 554, 117, 553, 104, 553, 82, 553, 73, 553, 60, 553, 54, 553, 46, 553, 41, 553, 39, 553, 36, 553, 35, 553, 34, 553, 33, 553, 32, 553, 31, 553, 31, 553, 31, 553, 31, 553, 31, 553, 29, 553, 29, 554, 29, 553, 29, 553, 29, 553, 29, 553, 29, 553, 29, 554, 29, 553, 29, 553, 29, 553, 29, 553, 29, 553, 29, 553, 28, 553, 29, 553, 29, 553, 29, 553, 29, 553, 29, 553, 29, 553, 29, 554, 29, 553, 29, 553, 29, 553, 30, 553, 30, 553, 30, 553, 30, 553, 30, 553, 30, 553, 30, 553, 30, 553, 
1, 30, 553, 30, 553, 30, 553, 30, 553, 30, 553, 31, 554, 31, 553, 31, 553, 31, 553, 31, 553, 31, 553, 31, 553, 31, 553, 31, 553, 31, 553, 31, 553, 31, 553, 32, 553, 31, 553, 30, 553, 30, 553, 30, 553, 30, 553, 30, 553, 30, 553, 30, 553, 29, 553, 30, 552, 30, 552, 30, 553, 31, 553, 32, 553, 38, 553, 51, 553, 60, 553, 80, 552, 93, 553, 126, 553, 170, 552, 196, 554, 261, 554, 360, 531, 487, 507, 614, 510, 668, 513, 755, 496, 784, 489, 781, 523, 737, 561, 598, 576, 524, 577, 393, 578, 338, 575, 249, 570, 185, 567, 160, 567, 124, 566, 109, 566, 88, 567, 73, 566, 
0, 51, 565, 51, 565, 50, 564, 49, 564, 47, 563, 47, 563, 46, 562, 47, 563, 47, 562, 47, 562, 47, 562, 48, 562, 48, 562, 48, 562, 48, 562, 48, 561, 48, 561, 48, 561, 47, 561, 47, 561, 46, 561, 47, 561, 47, 561, 47, 560, 47, 560, 47, 560, 47, 560, 47, 560, 47, 560, 47, 560, 47, 560, 47, 560, 47, 559, 47, 560, 47, 560, 47, 559, 47, 559, 47, 559, 47, 559, 47, 559, 47, 559, 47, 559, 47, 558, 47, 559, 47, 559, 47, 559, 47, 559, 47, 559, 47, 559, 47, 558, 47, 558, 47, 558, 47, 558, 47, 558, 47, 558, 47, 558, 47, 558, 47, 557, 47, 557, 47, 557, 
1, 47, 557, 48, 557, 49, 557, 49, 557, 49, 557, 49, 557, 49, 557, 49, 557, 48, 557, 48, 557, 48, 557, 48, 557, 48, 557, 48, 557, 49, 557, 49, 557, 48, 556, 48, 557, 48, 557, 48, 556, 48, 556, 48, 557, 48, 556, 48, 556, 50, 557, 51, 557, 55, 556, 57, 556, 63, 556, 72, 556, 83, 555, 91, 555, 114, 555, 130, 558, 172, 557, 194, 557, 242, 557, 269, 556, 325, 556, 345, 555, 351, 556, 334, 556, 325, 556, 316, 556, 317, 556, 324, 556, 324, 555, 311, 556, 295, 557, 292, 558, 299, 560, 304, 556, 304, 556, 299, 555, 292, 555, 294, 564, 304, 557, 309, 558, 307, 567, 296, 563, 
0, 162, 556, 155, 555, 146, 555, 141, 555, 139, 555, 140, 555, 146, 554, 159, 554, 173, 554, 184, 554, 181, 554, 171, 553, 164, 553, 147, 553, 128, 554, 109, 554, 92, 553, 79, 553, 74, 553, 67, 553, 62, 552, 59, 552, 56, 552, 54, 552, 53, 552, 53, 553, 52, 552, 52, 552, 52, 552, 51, 552, 52, 552, 52, 552, 52, 552, 52, 552, 52, 552, 52, 552, 52, 552, 52, 552, 52, 552, 52, 552, 52, 552, 51, 552, 52, 552, 52, 552, 52, 552, 52, 552, 52, 552, 52, 552, 52, 551, 52, 551, 52, 551, 52, 551, 52, 552, 52, 551, 52, 552, 52, 552, 52, 551, 52, 551, 51, 551, 51, 551, 
1, 52, 551, 52, 551, 52, 551, 52, 551, 52, 551, 52, 551, 52, 551, 52, 551, 52, 551, 51, 551, 51, 551, 51, 551, 52, 551, 51, 551, 51, 551, 51, 551, 51, 551, 51, 551, 51, 551, 52, 551, 52, 551, 52, 550, 52, 551, 52, 551, 53, 551, 54, 551, 55, 552, 58, 551, 62, 551, 81, 551, 98, 551, 166, 554, 268, 593, 549, 534, 840, 499, 1120, 469, 1239, 466, 1327, 472, 1307, 494, 1148, 556, 1031, 566, 806, 573, 707, 572, 548, 569, 486, 568, 392, 562, 356, 563, 300, 563, 261, 560, 247, 558, 223, 559, 215, 558, 202, 558, 197, 558, 190, 557, 188, 557, 185, 556, 183, 556, 181, 556, 180, 554, 
0, 178, 554, 178, 554, 177, 554, 177, 554, 177, 553, 177, 554, 176, 553, 175, 553, 175, 553, 173, 552, 172, 552, 170, 552, 170, 552, 168, 552, 165, 552, 163, 552, 156, 552, 152, 552, 143, 552, 135, 552, 128, 551, 122, 551, 120, 551, 119, 550, 118, 550, 118, 550, 118, 550, 118, 550, 117, 550, 117, 550, 116, 549, 116, 549, 115, 549, 115, 549, 115, 549, 115, 549, 115, 550, 115, 549, 115, 549, 115, 549, 116, 549, 117, 549, 116, 549, 116, 549, 116, 549, 116, 549, 116, 549, 116, 549, 116, 549, 115, 549, 115, 549, 115, 549, 115, 549, 115, 549, 115, 549, 115, 549, 115, 549, 116, 549, 116, 548, 116, 548, 
1, 116, 549, 116, 548, 116, 549, 116, 548, 116, 549, 116, 548, 116, 549, 116, 548, 116, 548, 116, 548, 116, 548, 116, 547, 116, 547, 116, 548, 116, 547, 116, 547, 116, 547, 116, 547, 116, 548, 116, 547, 116, 547, 116, 547, 116, 547, 116, 547, 116, 547, 116, 547, 116, 547, 116, 547, 116, 547, 116, 547, 116, 547, 116, 547, 116, 547, 116, 547, 116, 547, 115, 547, 115, 547, 116, 547, 116, 546, 116, 546, 116, 547, 116, 546, 116, 546, 116, 546, 115, 546, 115, 546, 115, 546, 115, 546, 115, 546, 115, 546, 115, 546, 115, 546, 115, 546, 116, 546, 116, 546, 115, 546, 116, 546, 116, 546, 116, 546, 116, 546, 
0, 115, 546, 115, 546, 115, 546, 115, 546, 115, 546, 116, 546, 116, 546, 116, 546, 115, 546, 115, 546, 115, 546, 115, 546, 115, 546, 115, 546, 115, 546, 115, 546, 115, 546, 115, 546, 115, 546, 116, 546, 116, 546, 116, 546, 116, 546, 116, 546, 116, 546, 116, 546, 116, 545, 116, 546, 116, 546, 115, 546, 115, 546, 115, 546, 115, 545, 115, 545, 116, 545, 116, 546, 116, 545, 116, 545, 116, 546, 115, 546, 115, 545, 115, 546, 115, 546, 115, 545, 115, 545, 115, 545, 115, 545, 115, 545, 115, 545, 115, 545, 115, 545, 115, 546, 115, 545, 115, 545, 115, 545, 115, 545, 115, 545, 116, 545, 116, 545, 116, 545, 
0, -95, 458, -114, 469, -120, 468, -128, 439, -130, 404, -126, 396, -123, 399, -115, 409, -112, 413, -107, 418, -106, 417, -105, 418, -104, 417, -102, 408, -101, 409, -99, 412, -98, 409, -91, 406, -80, 423, -73, 432, -52, 424, -32, 425, -22, 450, -19, 459, -20, 425, -24, 408, -40, 399, -61, 417, -72, 435, -94, 458, -111, 451, -119, 448, -130, 470, -133, 463, -134, 449, -131, 431, -129, 422, -128, 415, -129, 413, -131, 406, -133, 398, -134, 395, -136, 387, -136, 385, -136, 383, -136, 380, -136, 378, -137, 375, -137, 371, -138, 368, -138, 365, -139, 362, -142, 357, -146, 353, -148, 352, -151, 353, -152, 354, -153, 353, -154, 352, -155, 349, 
0, -161, 358, -162, 356, -164, 360, -167, 360, -171, 364, -176, 360, -181, 357, -186, 359, -189, 361, -190, 360, -192, 359, -193, 358, -195, 359, -196, 359, -196, 357, -196, 356, -196, 358, -196, 358, -196, 356, -196, 354, -196, 354, -196, 352, -196, 348, -196, 348, -196, 346, -194, 346, -194, 346, -194, 345, -194, 347, -194, 348, -192, 351, -192, 351, -192, 351, -192, 350, -192, 348, -192, 346, -190, 345, -189, 344, -190, 342, -191, 341, -192, 341, -192, 341, -192, 341, -192, 341, -192, 340, -192, 340, -191, 340, -191, 339, -191, 339, -191, 338, -193, 339, -193, 340, -193, 339, -193, 338, -194, 338, -194, 338, -194, 337, -194, 337, -194, 337, -194, 337, 
0, -194, 337, -194, 336, -194, 336, -194, 336, -194, 335, -194, 336, -194, 336, -194, 336, -194, 336, -194, 336, -194, 336, -194, 336, -194, 335, -194, 335, -193, 335, -193, 335, -193, 335, -192, 335, -192, 334, -192, 334, -192, 334, -192, 334, -192, 335, -192, 334, -192, 334, -194, 335, -195, 340, -197, 352, -199, 354, -204, 356, -206, 357, -208, 372, -205, 375, -203, 373, -195, 374, -190, 373, -182, 378, -182, 404, -184, 424, -194, 446, -198, 457, -202, 447, -201, 362, -201, 340, -204, 300, -206, 281, -206, 261, -205, 260, -203, 291, -201, 273, -198, 257, -195, 281, -193, 310, -192, 321, -190, 341, -188, 355, -184, 391, -182, 412, -181, 406, -180, 402, 
0, -194, 397, -195, 405, -196, 405, -194, 405, -194, 406, -191, 412, -189, 411, -187, 412, -183, 411, -181, 404, -180, 402, -178, 396, -177, 389, -172, 384, -171, 384, -171, 386, -171, 384, -171, 382, -170, 380, -170, 380, -170, 379, -170, 379, -170, 378, -170, 377, -170, 377, -169, 378, -169, 377, -170, 377, -170, 377, -169, 376, -169, 377, -169, 377, -169, 381, -169, 384, -169, 382, -169, 382, -170, 381, -170, 381, -170, 381, -171, 380, -171, 377, -171, 375, -171, 372, -171, 372, -171, 371, -171, 370, -171, 370, -170, 370, -170, 370, -169, 369, -169, 369, -169, 370, -169, 370, -169, 370, -168, 370, -168, 370, -169, 370, -169, 370, -169, 369, -169, 369, 
0, -170, 369, -170, 369, -170, 368, -170, 369, -169, 368, -169, 368, -169, 368, -170, 368, -170, 368, -170, 368, -169, 368, -169, 367, -169, 368, -169, 367, -169, 367, -169, 367, -169, 367, -169, 367, -169, 367, -169, 367, -169, 367, -169, 367, -169, 367, -169, 367, -169, 369, -169, 369, -169, 369, -168, 369, -168, 369, -169, 368, -169, 368, -169, 367, -170, 367, -170, 368, -170, 369, -170, 369, -170, 372, -170, 372, -169, 377, -166, 428, -156, 452, -146, 432, -136, 418, -132, 418, -127, 426, -125, 428, -124, 427, -125, 425, -129, 415, -131, 413, -131, 413, -132, 408, -132, 407, -134, 406, -135, 406, -135, 405, -135, 405, -135, 405, -135, 404, -135, 404, 
0, -136, 405, -136, 405, -136, 401, -134, 397, -134, 399, -132, 398, -131, 396, -129, 395, -127, 395, -125, 392, -123, 392, -121, 392, -119, 390, -116, 385, -115, 379, -114, 377, -114, 376, -114, 375, -114, 374, -114, 374, -115, 375, -115, 375, -115, 377, -115, 375, -116, 377, -116, 373, -117, 371, -117, 371, -117, 371, -117, 371, -117, 371, -117, 370, -117, 369, -116, 370, -112, 401, -77, 379, -50, 365, -16, 361, -11, 356, -19, 351, -24, 350, -33, 352, -37, 354, -43, 351, -45, 351, -49, 349, -49, 349, -43, 363, -29, 377, 25, 330, 64, 325, 71, 330, 70, 330, 66, 329, 55, 328, 49, 328, 38, 327, 34, 325, 28, 324, 22, 325, 
0, 11, 322, 9, 322, 9, 322, 8, 321, 8, 321, 7, 321, 6, 321, 6, 321, 6, 321, 6, 321, 5, 320, 5, 320, 4, 320, 3, 320, 3, 320, 3, 320, 3, 319, 3, 319, 2, 319, 2, 319, 2, 319, 3, 318, 3, 319, 3, 319, 2, 318, 2, 318, 2, 318, 2, 318, 2, 318, 3, 318, 2, 318, 1, 318, 1, 318, 2, 318, 2, 318, 2, 318, 2, 319, 2, 318, 2, 318, 2, 318, 2, 317, 2, 317, 2, 316, 2, 317, 2, 317, 2, 316, 2, 316, 2, 315, 2, 315, 2, 315, 2, 316, 2, 315, 2, 315, 2, 315, 1, 315, 1, 315, 1, 315, 1, 315, 1, 315, 1, 315, 
0, 1, 315, 1, 315, 1, 315, 1, 314, 1, 315, 1, 314, 1, 315, 1, 314, 1, 315, 1, 314, 0, 314, 0, 314, 1, 314, 1, 314, 1, 314, 1, 314, 1, 314, 1, 314, 2, 314, 2, 314, 2, 314, 2, 314, 2, 314, 2, 314, 2, 314, 2, 314, 2, 314, 1, 314, 1, 314, 1, 314, 1, 314, 2, 314, 2, 314, 2, 314, 2, 314, 2, 313, 2, 314, 2, 314, 2, 313, 2, 313, 2, 313, 2, 314, 2, 313, 2, 313, 2, 314, 2, 313, 2, 313, 2, 313, 2, 313, 2, 313, 2, 313, 2, 313, 2, 313, 2, 313, 2, 313, 2, 314, 2, 313, 1, 313, 1, 313, 1, 313, 
0, 2, 313, 2, 313, 2, 313, 3, 312, 2, 313, 2, 313, 2, 313, 2, 313, 2, 312, 1, 312, 1, 312, 1, 312, 1, 312, 1, 312, 1, 312, 1, 312, 0, 312, 1, 312, 1, 312, 1, 312, 1, 312, 1, 312, 1, 312, 1, 312, 1, 312, 1, 312, 1, 312, 1, 312, 1, 312, 1, 312, 1, 312, 1, 312, 1, 312, 1, 312, 1, 312, 1, 312, 1, 312, 1, 312, 1, 312, 1, 312, 1, 312, 1, 312, 1, 312, 1, 312, 1, 312, 1, 312, 2, 312, 2, 312, 2, 312, 2, 312, 2, 312, 2, 312, 2, 312, 2, 312, 2, 312, 2, 312, 2, 312, 2, 312, 2, 312, 2, 311, 
0, 2, 312, 1, 312, 1, 312, 1, 312, 1, 312, 1, 312, 1, 312, 1, 312, 1, 312, 1, 311, 1, 312, 1, 312, 1, 312, 1, 312, 1, 312, 1, 311, 1, 311, 1, 312, 1, 312, 1, 312, 1, 312, 1, 312, 1, 312, 1, 312, 1, 312, 1, 311, 1, 312, 1, 312, 1, 311, 1, 311, 1, 311, 1, 311, 2, 311, 2, 312, 1, 311, 0, 312, 1, 312, 1, 312, 1, 312, 1, 311, 1, 312, 1, 312, 1, 311, 1, 312, 1, 311, 1, 311, 1, 312, 1, 312, 1, 311, 1, 311, 1, 312, 1, 312, 0, 311, 0, 311, 0, 311, 0, 311, 0, 312, 1, 311, 1, 312, 1, 311, 
