0, 13, 550, 13, 550, 12, 550, 12, 551, 11, 550, 11, 550, 11, 550, 11, 550, 11, 549, 11, 549, 11, 549, 11, 549, 11, 549, 11, 550, 11, 549, 11, 549, 11, 549, 11, 549, 11, 549, 11, 549, 11, 550, 11, 549, 11, 548, 11, 548, 11, 548, 11, 548, 11, 548, 11, 548, 11, 548, 11, 551, 12, 554, 12, 555, 12, 554, 10, 540, 9, 534, 7, 504, 5, 493, -2, 479, -12, 481, -18, 483, -33, 487, -40, 486, -52, 483, -61, 487, -64, 504, -71, 598, -74, 645, -61, 715, -52, 720, -30, 716, -10, 711, 2, 721, 5, 715, 0, 706, -11, 705, -26, 696, -32, 692, -42, 696, -43, 697, -29, 697, 
0, 20, 688, 19, 692, 15, 685, 16, 688, 18, 702, 19, 696, 19, 700, 19, 702, 19, 699, 20, 701, 21, 699, 22, 690, 22, 699, 21, 712, 20, 729, 16, 728, 15, 731, 14, 726, 14, 721, 14, 718, 15, 708, 16, 704, 17, 696, 17, 697, 17, 699, 17, 708, 17, 707, 17, 701, 17, 699, 17, 698, 18, 689, 18, 687, 18, 685, 18, 683, 19, 678, 17, 684, 11, 683, 1, 679, -3, 683, -9, 675, -14, 664, -16, 658, -17, 657, -19, 656, -21, 647, -22, 636, -26, 631, -28, 627, -30, 625, -31, 626, -33, 627, -35, 651, -35, 661, -36, 667, -36, 667, -37, 668, -37, 666, -37, 671, -37, 667, -38, 666, 
0, -36, 645, -33, 643, -29, 636, -28, 636, -27, 631, -27, 630, -28, 627, -29, 627, -30, 628, -31, 628, -31, 625, -29, 623, -27, 623, -25, 623, -23, 622, -22, 623, -20, 626, -18, 640, -17, 647, -14, 650, -11, 650, -7, 653, -4, 659, -3, 664, -5, 679, -9, 691, -13, 691, -15, 696, -20, 714, -23, 723, -29, 741, -35, 735, -36, 726, -36, 721, -36, 720, -36, 720, -37, 718, -40, 718, -41, 719, -48, 723, -50, 717, -49, 710, -34, 662, -19, 632, 2, 664, 67, 652, 123, 629, 153, 636, 179, 731, 189, 685, 212, 684, 225, 680, 250, 651, 271, 632, 279, 632, 290, 645, 292, 656, 298, 666, 301, 660, 301, 668, 
0, 255, 721, 240, 723, 217, 715, 193, 676, 178, 669, 140, 682, 104, 698, 91, 694, 80, 691, 65, 681, 55, 657, 41, 662, 33, 682, 14, 687, 7, 683, 1, 681, 3, 682, 13, 679, 22, 683, 41, 692, 52, 694, 80, 697, 108, 672, 116, 716, 115, 718, 112, 716, 110, 715, 106, 716, 104, 715, 103, 713, 101, 708, 100, 696, 99, 700, 93, 697, 88, 693, 86, 689, 82, 685, 81, 686, 79, 681, 74, 683, 71, 684, 66, 686, 64, 682, 62, 674, 61, 674, 60, 692, 59, 696, 60, 681, 70, 663, 85, 644, 91, 631, 100, 627, 107, 631, 109, 642, 115, 650, 116, 656, 115, 677, 109, 695, 108, 697, 111, 677, 
0, 131, 678, 133, 677, 134, 677, 132, 677, 130, 675, 128, 674, 126, 673, 125, 673, 123, 673, 122, 675, 120, 699, 115, 706, 114, 701, 116, 682, 117, 681, 117, 683, 118, 678, 119, 678, 119, 678, 119, 678, 119, 675, 119, 676, 116, 676, 113, 676, 112, 674, 107, 684, 104, 684, 101, 680, 101, 679, 100, 677, 100, 677, 100, 673, 99, 668, 99, 666, 99, 665, 97, 667, 89, 676, 84, 672, 77, 672, 74, 671, 70, 671, 70, 668, 72, 667, 74, 663, 75, 666, 77, 666, 79, 663, 85, 662, 87, 663, 91, 659, 94, 657, 95, 657, 97, 662, 98, 664, 99, 673, 99, 668, 97, 670, 97, 661, 94, 648, 74, 643, 
0, -25, 599, -29, 603, -26, 605, -25, 603, -23, 597, -22, 598, -22, 584, -23, 555, -22, 531, -21, 509, -21, 500, -20, 493, -19, 504, -18, 511, -16, 508, -7, 533, 5, 557, 24, 525, 31, 496, 43, 435, 50, 359, 53, 336, 55, 333, 56, 332, 57, 308, 57, 292, 58, 274, 59, 275, 59, 276, 59, 271, 59, 275, 59, 282, 59, 308, 59, 332, 59, 410, 48, 506, 41, 546, 26, 579, 20, 582, 13, 578, 10, 577, 0, 554, -14, 518, -21, 524, -34, 535, -42, 533, -46, 542, -50, 544, -60, 560, -64, 580, -71, 611, -74, 610, -79, 620, -79, 632, -76, 598, -62, 593, -36, 591, -20, 598, 2, 595, 68, 609, 
0, 126, 647, 125, 636, 130, 648, 133, 659, 140, 675, 156, 674, 192, 662, 217, 653, 264, 633, 301, 623, 326, 623, 334, 620, 346, 610, 351, 604, 354, 600, 356, 605, 362, 603, 365, 609, 370, 618, 371, 620, 370, 629, 367, 641, 366, 645, 364, 657, 361, 661, 349, 689, 340, 688, 325, 689, 317, 684, 304, 671, 292, 675, 280, 675, 276, 671, 267, 670, 263, 665, 258, 664, 257, 664, 257, 663, 257, 660, 257, 661, 258, 659, 258, 658, 255, 657, 252, 656, 247, 656, 245, 657, 242, 659, 240, 659, 239, 662, 234, 667, 230, 665, 228, 666, 225, 671, 223, 675, 220, 684, 218, 690, 214, 687, 216, 681, 220, 682, 227, 676, 
0, 238, 675, 242, 681, 250, 681, 244, 678, 178, 633, 85, 621, 51, 638, 21, 663, 13, 662, 0, 664, -3, 660, -8, 654, -11, 644, -12, 644, -14, 669, -18, 687, -20, 692, -24, 697, -24, 695, -22, 699, -22, 696, -20, 693, -20, 694, -19, 695, -17, 700, -16, 691, -11, 637, -7, 692, -10, 690, -14, 617, -22, 628, -31, 583, -37, 584, -43, 591, -38, 626, -33, 624, -33, 628, -37, 630, -39, 634, -39, 645, -37, 662, -35, 658, -32, 651, -30, 656, -30, 653, -30, 650, -32, 641, -35, 640, -32, 626, -30, 622, -24, 610, -20, 610, -16, 612, -7, 601, 1, 597, 7, 588, 21, 607, 30, 623, 65, 585, 93, 604, 
0, 264, 682, 275, 681, 283, 690, 286, 689, 285, 690, 285, 685, 287, 677, 290, 673, 292, 672, 294, 670, 296, 669, 297, 668, 298, 667, 300, 667, 301, 667, 303, 667, 304, 667, 307, 667, 308, 666, 310, 666, 311, 666, 314, 665, 315, 665, 317, 664, 317, 663, 318, 664, 319, 663, 319, 664, 320, 664, 320, 664, 321, 663, 321, 663, 321, 663, 321, 663, 322, 663, 322, 663, 322, 663, 322, 662, 322, 662, 322, 662, 322, 662, 321, 662, 321, 662, 321, 661, 321, 662, 322, 662, 322, 662, 323, 662, 325, 662, 327, 661, 328, 660, 328, 661, 328, 661, 330, 661, 331, 661, 331, 661, 332, 661, 334, 661, 334, 661, 334, 661, 
0, 337, 661, 338, 660, 338, 661, 338, 661, 338, 661, 338, 661, 338, 660, 338, 660, 338, 660, 338, 660, 338, 660, 338, 660, 338, 660, 338, 660, 338, 660, 338, 660, 338, 660, 338, 660, 338, 660, 338, 660, 338, 660, 338, 659, 338, 659, 338, 659, 338, 659, 338, 659, 338, 660, 338, 659, 338, 660, 338, 660, 338, 659, 338, 659, 339, 659, 339, 659, 339, 659, 339, 659, 339, 659, 339, 659, 339, 658, 339, 658, 339, 658, 339, 658, 339, 658, 339, 658, 339, 658, 340, 658, 340, 658, 340, 664, 345, 663, 348, 664, 354, 667, 362, 664, 365, 664, 370, 665, 372, 665, 374, 664, 375, 674, 372, 684, 360, 694, 352, 702, 
0, 182, 606, 182, 606, 182, 606, 182, 606, 182, 606, 182, 606, 182, 606, 182, 606, 182, 606, 181, 606, 182, 606, 182, 606, 182, 606, 181, 606, 181, 606, 181, 606, 181, 606, 181, 606, 181, 606, 181, 606, 181, 606, 181, 606, 181, 606, 181, 606, 181, 606, 181, 606, 181, 606, 181, 606, 181, 606, 181, 606, 181, 606, 181, 606, 181, 605, 181, 605, 181, 605, 181, 605, 181, 606, 181, 605, 181, 605, 181, 605, 181, 605, 181, 604, 181, 605, 181, 605, 182, 605, 182, 605, 184, 604, 185, 605, 186, 605, 186, 604, 186, 604, 186, 605, 186, 605, 185, 604, 184, 604, 184, 604, 183, 604, 183, 604, 183, 605, 183, 604, 
0, 184, 605, 184, 604, 184, 603, 184, 604, 184, 603, 184, 603, 184, 603, 184, 604, 183, 604, 183, 604, 182, 604, 182, 604, 182, 603, 181, 603, 181, 603, 181, 603, 179, 603, 179, 604, 179, 603, 179, 604, 179, 603, 179, 604, 179, 604, 179, 603, 179, 604, 179, 604, 179, 604, 179, 603, 179, 603, 179, 602, 179, 603, 179, 603, 179, 602, 179, 603, 179, 603, 179, 603, 179, 603, 179, 603, 179, 603, 179, 603, 179, 603, 179, 603, 179, 603, 180, 603, 181, 603, 182, 603, 182, 603, 182, 603, 182, 603, 182, 603, 182, 603, 182, 603, 182, 603, 182, 603, 182, 603, 182, 603, 182, 603, 181, 603, 181, 603, 181, 603, 
0, 181, 603, 181, 603, 181, 603, 181, 603, 181, 603, 181, 603, 181, 603, 181, 602, 181, 602, 181, 602, 181, 602, 181, 602, 182, 602, 182, 602, 182, 602, 182, 602, 182, 602, 182, 602, 182, 602, 182, 601, 182, 602, 182, 602, 182, 602, 182, 602, 181, 603, 181, 602, 181, 602, 181, 603, 181, 602, 181, 602, 182, 602, 182, 602, 182, 602, 182, 602, 182, 602, 182, 602, 182, 602, 182, 602, 182, 601, 182, 601, 182, 601, 182, 601, 182, 601, 182, 601, 182, 601, 182, 601, 182, 601, 182, 601, 182, 601, 182, 601, 182, 601, 182, 601, 182, 601, 182, 600, 182, 601, 182, 601, 182, 601, 182, 600, 182, 601, 182, 601, 
1, 181, 601, 181, 601, 181, 601, 181, 601, 181, 601, 181, 601, 180, 601, 180, 601, 180, 601, 180, 600, 180, 601, 180, 600, 180, 600, 180, 601, 180, 600, 180, 600, 181, 601, 181, 601, 181, 601, 181, 601, 181, 601, 181, 601, 181, 601, 181, 601, 181, 601, 182, 602, 182, 601, 182, 601, 183, 601, 183, 601, 186, 600, 187, 601, 188, 600, 191, 601, 193, 600, 194, 600, 196, 600, 197, 600, 200, 601, 206, 601, 209, 601, 218, 600, 223, 600, 237, 600, 255, 601, 267, 601, 280, 609, 310, 606, 345, 606, 379, 605, 394, 605, 410, 608, 411, 612, 408, 615, 392, 615, 368, 615, 355, 614, 330, 614, 319, 613, 297, 612, 
0, 230, 611, 219, 611, 212, 611, 207, 611, 203, 611, 201, 611, 197, 609, 196, 609, 193, 609, 192, 610, 190, 609, 189, 609, 188, 609, 187, 609, 186, 610, 185, 608, 184, 609, 184, 609, 184, 609, 184, 609, 184, 608, 184, 608, 184, 609, 184, 608, 184, 608, 183, 608, 183, 608, 183, 609, 183, 608, 183, 608, 183, 608, 183, 609, 183, 608, 183, 608, 183, 608, 183, 608, 183, 608, 183, 609, 183, 608, 183, 608, 183, 608, 183, 609, 183, 609, 182, 608, 183, 609, 183, 607, 183, 608, 183, 607, 183, 609, 184, 607, 185, 608, 184, 607, 185, 608, 185, 608, 186, 607, 186, 607, 186, 607, 185, 607, 185, 607, 185, 608, 
1, 183, 607, 183, 607, 183, 607, 183, 608, 183, 607, 183, 606, 182, 606, 182, 606, 182, 607, 182, 606, 182, 606, 182, 607, 182, 607, 182, 606, 182, 606, 181, 606, 181, 605, 181, 606, 181, 606, 181, 607, 181, 605, 182, 605, 183, 606, 183, 606, 184, 606, 185, 606, 186, 606, 186, 606, 186, 606, 187, 605, 188, 605, 188, 605, 188, 606, 189, 606, 189, 605, 188, 605, 187, 606, 186, 605, 186, 605, 186, 606, 185, 606, 185, 606, 184, 606, 183, 606, 183, 606, 182, 604, 182, 604, 182, 604, 182, 605, 182, 605, 182, 605, 182, 605, 184, 605, 185, 605, 187, 604, 190, 605, 191, 604, 195, 606, 201, 604, 213, 605, 
0, 364, 607, 409, 610, 430, 610, 421, 609, 391, 608, 354, 608, 318, 608, 302, 607, 274, 607, 252, 607, 234, 607, 221, 606, 212, 606, 205, 607, 202, 607, 197, 606, 193, 607, 190, 606, 187, 606, 187, 607, 187, 606, 185, 606, 184, 606, 183, 606, 183, 606, 183, 607, 183, 606, 183, 606, 183, 606, 183, 606, 184, 606, 185, 606, 186, 606, 186, 606, 188, 606, 188, 606, 189, 606, 190, 606, 190, 606, 190, 606, 192, 606, 192, 606, 193, 605, 193, 606, 193, 605, 193, 606, 193, 605, 193, 605, 192, 606, 192, 606, 192, 606, 192, 605, 192, 605, 193, 605, 193, 605, 193, 605, 192, 606, 192, 606, 193, 605, 193, 605, 
0, 191, 605, 191, 605, 191, 605, 191, 605, 191, 605, 191, 605, 190, 605, 190, 605, 190, 605, 190, 605, 190, 605, 190, 605, 190, 605, 190, 605, 191, 605, 190, 605, 188, 605, 188, 605, 188, 604, 188, 604, 188, 605, 186, 604, 186, 605, 185, 605, 185, 605, 184, 605, 184, 605, 183, 604, 183, 605, 182, 605, 182, 605, 182, 604, 182, 605, 182, 604, 182, 604, 182, 605, 182, 604, 182, 604, 182, 605, 182, 604, 182, 604, 181, 605, 181, 604, 181, 605, 182, 604, 182, 604, 182, 604, 181, 605, 181, 604, 181, 604, 181, 604, 181, 604, 181, 604, 181, 604, 181, 604, 181, 604, 181, 604, 181, 604, 181, 603, 181, 604, 
1, 181, 604, 181, 604, 181, 604, 181, 604, 181, 604, 181, 604, 181, 603, 181, 604, 181, 604, 181, 604, 182, 604, 182, 604, 182, 604, 182, 604, 182, 604, 182, 604, 182, 604, 182, 603, 182, 604, 182, 604, 182, 604, 183, 604, 184, 604, 184, 603, 185, 604, 187, 603, 188, 603, 191, 604, 193, 604, 195, 603, 196, 603, 203, 603, 207, 604, 213, 603, 227, 603, 236, 603, 256, 603, 279, 603, 290, 603, 308, 603, 320, 603, 324, 603, 327, 603, 324, 603, 316, 603, 311, 603, 299, 603, 291, 602, 276, 603, 261, 602, 246, 602, 240, 602, 228, 602, 218, 601, 211, 603, 208, 603, 203, 603, 199, 603, 197, 602, 194, 602, 
0, 184, 602, 184, 603, 184, 603, 183, 603, 182, 603, 182, 602, 182, 603, 182, 602, 182, 602, 182, 603, 182, 602, 182, 603, 182, 603, 182, 603, 182, 603, 182, 602, 182, 602, 182, 602, 182, 602, 182, 602, 182, 602, 182, 602, 182, 602, 182, 602, 182, 602, 182, 602, 181, 601, 181, 602, 181, 602, 182, 601, 182, 602, 182, 602, 182, 602, 182, 603, 182, 602, 182, 602, 182, 602, 182, 601, 182, 601, 182, 603, 182, 601, 184, 601, 183, 601, 183, 602, 183, 601, 183, 601, 183, 601, 183, 601, 184, 601, 184, 601, 184, 602, 184, 602, 184, 600, 184, 602, 184, 602, 184, 602, 184, 601, 184, 601, 184, 601, 185, 601, 
0, 185, 602, 185, 601, 184, 601, 184, 602, 184, 602, 184, 601, 184, 602, 184, 601, 184, 601, 185, 601, 185, 602, 185, 601, 185, 600, 186, 601, 185, 600, 185, 600, 184, 601, 184, 601, 184, 600, 184, 600, 184, 600, 185, 600, 185, 600, 185, 600, 186, 600, 186, 601, 186, 600, 186, 601, 186, 600, 186, 601, 186, 601, 186, 600, 186, 600, 186, 600, 186, 600, 186, 601, 186, 600, 186, 600, 185, 600, 185, 601, 185, 600, 184, 601, 184, 601, 185, 600, 185, 601, 185, 601, 184, 600, 184, 600, 184, 600, 185, 600, 185, 600, 185, 600, 185, 600, 185, 601, 186, 600, 187, 601, 186, 600, 186, 600, 186, 600, 185, 600, 
0, 186, 600, 186, 600, 187, 600, 187, 600, 187, 600, 187, 600, 187, 600, 187, 600, 186, 600, 186, 600, 186, 600, 185, 601, 185, 601, 185, 600, 185, 599, 185, 599, 185, 600, 185, 599, 186, 600, 186, 600, 186, 600, 186, 601, 187, 600, 187, 599, 186, 600, 186, 600, 186, 600, 186, 600, 186, 600, 186, 600, 187, 600, 186, 600, 186, 600, 186, 600, 186, 600, 186, 600, 186, 601, 186, 601, 186, 600, 186, 600, 186, 600, 186, 600, 186, 599, 186, 600, 186, 600, 186, 600, 186, 600, 186, 600, 186, 600, 187, 600, 187, 600, 187, 600, 187, 600, 187, 600, 187, 600, 187, 600, 187, 600, 187, 600, 187, 600, 187, 601, 
1, 186, 600, 186, 599, 186, 600, 186, 599, 187, 600, 187, 600, 187, 599, 187, 600, 186, 600, 186, 600, 186, 600, 186, 600, 185, 600, 186, 599, 186, 600, 186, 600, 186, 600, 186, 599, 186, 599, 187, 599, 188, 600, 189, 600, 191, 599, 192, 599, 194, 599, 196, 599, 198, 599, 199, 600, 205, 600, 207, 600, 211, 599, 217, 599, 221, 599, 225, 600, 231, 599, 238, 600, 246, 599, 251, 600, 256, 599, 269, 600, 283, 600, 290, 599, 302, 601, 313, 600, 318, 600, 325, 600, 327, 600, 330, 600, 331, 600, 328, 599, 326, 600, 317, 601, 306, 600, 300, 600, 286, 601, 279, 600, 265, 601, 258, 600, 245, 600, 240, 600, 
0, 208, 599, 205, 600, 203, 600, 201, 601, 199, 602, 196, 600, 192, 600, 191, 601, 189, 598, 189, 601, 187, 600, 187, 601, 186, 601, 185, 602, 184, 601, 184, 601, 184, 599, 184, 600, 183, 599, 183, 599, 183, 599, 183, 599, 183, 599, 183, 599, 182, 600, 182, 598, 182, 599, 182, 600, 182, 601, 182, 601, 182, 601, 182, 601, 182, 601, 182, 602, 182, 600, 183, 599, 183, 601, 183, 600, 183, 600, 183, 601, 183, 601, 184, 601, 184, 601, 184, 601, 184, 601, 184, 601, 184, 601, 184, 600, 184, 601, 184, 600, 184, 601, 184, 600, 184, 600, 184, 600, 184, 600, 185, 601, 185, 601, 185, 601, 185, 601, 185, 601, 
0, 186, 600, 186, 600, 186, 601, 186, 601, 186, 601, 186, 601, 186, 601, 185, 600, 185, 601, 186, 600, 186, 601, 186, 601, 186, 601, 186, 601, 187, 600, 187, 600, 187, 600, 187, 600, 187, 600, 187, 600, 186, 600, 186, 600, 186, 600, 187, 600, 188, 601, 187, 600, 187, 600, 187, 601, 187, 601, 187, 600, 187, 600, 187, 600, 187, 600, 187, 599, 188, 599, 188, 599, 188, 600, 188, 599, 188, 600, 188, 600, 189, 599, 189, 599, 189, 599, 189, 599, 188, 599, 189, 598, 189, 598, 189, 599, 189, 599, 189, 599, 189, 599, 189, 599, 189, 599, 189, 599, 189, 599, 189, 599, 190, 599, 190, 598, 190, 598, 190, 598, 
0, 190, 598, 190, 598, 190, 599, 190, 599, 190, 598, 191, 598, 191, 598, 191, 599, 191, 599, 191, 599, 191, 599, 192, 598, 191, 598, 191, 599, 191, 599, 191, 599, 191, 598, 191, 599, 191, 598, 190, 598, 190, 598, 189, 598, 189, 598, 189, 598, 190, 598, 190, 599, 190, 598, 191, 598, 191, 598, 191, 598, 191, 598, 191, 599, 190, 598, 191, 599, 191, 598, 191, 598, 192, 599, 192, 599, 192, 599, 192, 599, 192, 599, 191, 599, 191, 599, 191, 599, 191, 599, 191, 599, 191, 599, 191, 599, 191, 599, 191, 599, 192, 599, 192, 599, 192, 599, 192, 599, 192, 599, 192, 599, 192, 599, 192, 599, 192, 599, 192, 599, 
1, 191, 599, 192, 599, 193, 599, 193, 599, 193, 599, 193, 599, 193, 599, 193, 599, 193, 599, 193, 599, 193, 599, 193, 599, 193, 599, 193, 599, 193, 599, 193, 599, 193, 599, 193, 599, 193, 599, 193, 599, 193, 599, 193, 599, 193, 599, 195, 599, 196, 599, 197, 599, 197, 598, 198, 599, 200, 599, 203, 599, 206, 599, 210, 599, 213, 599, 223, 598, 228, 598, 240, 598, 247, 598, 264, 599, 284, 599, 295, 599, 316, 599, 325, 599, 344, 599, 352, 599, 368, 599, 374, 599, 383, 599, 385, 599, 383, 599, 371, 599, 363, 599, 343, 599, 331, 599, 308, 599, 286, 599, 276, 599, 258, 599, 243, 599, 231, 599, 220, 598, 
0, 199, 599, 195, 600, 192, 600, 189, 600, 188, 599, 188, 599, 186, 599, 186, 599, 185, 599, 185, 599, 185, 599, 185, 599, 185, 599, 184, 599, 184, 599, 184, 599, 184, 598, 184, 599, 184, 598, 184, 599, 184, 599, 184, 599, 184, 599, 184, 599, 184, 597, 184, 598, 184, 597, 184, 597, 184, 598, 185, 598, 185, 597, 186, 598, 186, 597, 186, 597, 186, 597, 186, 597, 187, 597, 187, 597, 187, 598, 187, 597, 187, 597, 188, 597, 187, 597, 187, 597, 187, 597, 187, 598, 187, 597, 187, 597, 187, 596, 186, 596, 186, 597, 187, 597, 187, 596, 187, 597, 187, 596, 187, 597, 186, 598, 187, 597, 188, 597, 189, 597, 
1, 188, 597, 188, 597, 188, 597, 187, 597, 188, 597, 189, 597, 189, 597, 190, 597, 190, 597, 190, 597, 189, 596, 190, 597, 190, 597, 190, 597, 190, 597, 191, 597, 191, 597, 192, 597, 192, 597, 193, 597, 193, 597, 193, 597, 193, 597, 194, 596, 195, 597, 195, 596, 195, 597, 195, 596, 195, 596, 196, 597, 196, 597, 196, 597, 196, 597, 197, 597, 197, 597, 197, 597, 198, 597, 198, 597, 198, 597, 199, 597, 199, 597, 201, 597, 202, 597, 205, 597, 206, 597, 210, 597, 212, 597, 214, 597, 215, 596, 217, 596, 218, 596, 219, 597, 221, 596, 223, 596, 224, 597, 225, 597, 228, 596, 229, 597, 230, 597, 232, 597, 
0, 238, 596, 241, 596, 245, 596, 251, 596, 255, 596, 265, 597, 277, 597, 291, 596, 306, 596, 312, 596, 323, 597, 330, 596, 339, 597, 346, 597, 349, 597, 353, 596, 355, 597, 358, 597, 361, 597, 364, 598, 371, 599, 375, 599, 382, 599, 388, 598, 390, 598, 393, 598, 392, 598, 388, 599, 384, 598, 381, 598, 374, 598, 371, 597, 367, 597, 365, 597, 359, 597, 355, 597, 349, 597, 340, 597, 335, 597, 323, 597, 316, 597, 303, 597, 296, 597, 283, 597, 270, 596, 264, 596, 254, 597, 249, 596, 240, 596, 236, 596, 230, 596, 226, 596, 222, 596, 220, 596, 218, 596, 217, 596, 217, 596, 217, 596, 218, 596, 219, 596, 
0, 257, 608, 270, 605, 283, 604, 300, 603, 320, 601, 348, 607, 385, 610, 416, 622, 423, 624, 412, 626, 394, 627, 384, 625, 365, 621, 356, 619, 337, 618, 329, 617, 312, 616, 305, 616, 288, 615, 274, 615, 261, 615, 256, 615, 244, 614, 239, 614, 232, 614, 225, 613, 222, 613, 216, 613, 211, 613, 209, 613, 207, 613, 204, 612, 202, 612, 201, 612, 199, 613, 199, 612, 198, 613, 198, 613, 198, 612, 198, 613, 198, 612, 198, 612, 198, 612, 198, 613, 198, 612, 197, 612, 197, 611, 197, 611, 197, 611, 197, 611, 196, 611, 196, 611, 196, 611, 196, 611, 196, 611, 196, 610, 196, 610, 196, 611, 196, 611, 196, 611, 
1, 196, 610, 196, 611, 196, 611, 196, 611, 196, 611, 196, 610, 196, 611, 196, 610, 196, 610, 196, 611, 197, 611, 197, 610, 197, 611, 197, 610, 197, 611, 197, 610, 197, 610, 197, 609, 197, 610, 197, 609, 197, 609, 197, 609, 197, 610, 197, 609, 197, 609, 198, 609, 198, 610, 199, 609, 201, 609, 203, 609, 209, 610, 214, 609, 223, 609, 229, 609, 243, 609, 259, 609, 267, 609, 286, 609, 296, 608, 313, 608, 322, 608, 342, 609, 365, 608, 377, 608, 399, 608, 411, 608, 432, 608, 453, 608, 463, 608, 483, 609, 490, 609, 499, 608, 498, 608, 489, 608, 483, 608, 474, 607, 470, 608, 464, 609, 461, 609, 456, 608, 
0, 432, 607, 417, 608, 409, 608, 388, 608, 378, 607, 345, 607, 335, 608, 315, 608, 297, 608, 281, 608, 266, 608, 254, 607, 248, 607, 238, 607, 234, 608, 228, 607, 221, 606, 218, 606, 212, 606, 208, 606, 206, 606, 205, 606, 203, 606, 201, 606, 201, 606, 200, 606, 200, 606, 200, 606, 200, 607, 199, 606, 199, 607, 199, 606, 199, 606, 199, 606, 199, 606, 199, 606, 199, 606, 199, 606, 199, 606, 199, 606, 199, 607, 199, 606, 199, 607, 199, 606, 199, 606, 199, 606, 199, 606, 199, 607, 199, 606, 198, 607, 198, 607, 198, 607, 198, 606, 198, 606, 198, 606, 198, 607, 198, 607, 198, 607, 198, 607, 198, 607, 
1, 198, 606, 198, 606, 198, 607, 198, 607, 198, 607, 199, 607, 199, 607, 199, 607, 199, 606, 199, 607, 199, 606, 199, 606, 199, 606, 199, 606, 199, 606, 200, 606, 200, 606, 200, 606, 200, 606, 200, 606, 200, 606, 200, 606, 200, 606, 201, 606, 201, 606, 204, 606, 206, 606, 210, 606, 213, 606, 217, 605, 224, 605, 227, 605, 234, 605, 242, 605, 247, 605, 260, 605, 276, 605, 285, 605, 308, 605, 332, 605, 345, 605, 369, 605, 379, 605, 399, 605, 416, 605, 424, 605, 442, 605, 452, 605, 472, 605, 490, 605, 499, 606, 509, 605, 511, 605, 510, 605, 501, 605, 483, 605, 474, 605, 463, 605, 446, 605, 429, 604, 
0, 377, 605, 363, 605, 348, 604, 340, 604, 325, 605, 311, 605, 304, 605, 289, 604, 277, 604, 264, 604, 254, 604, 244, 605, 239, 605, 232, 604, 229, 604, 224, 604, 222, 604, 216, 604, 214, 605, 210, 604, 207, 604, 205, 604, 203, 605, 202, 604, 201, 604, 201, 604, 201, 604, 201, 604, 201, 604, 200, 604, 200, 604, 200, 604, 200, 604, 200, 604, 200, 604, 200, 604, 199, 604, 199, 604, 199, 604, 199, 604, 199, 604, 199, 604, 199, 604, 199, 604, 199, 604, 199, 604, 199, 604, 199, 604, 199, 604, 198, 604, 198, 604, 198, 604, 198, 604, 198, 604, 198, 604, 198, 604, 198, 604, 198, 604, 198, 604, 198, 604, 
1, 198, 605, 198, 604, 198, 605, 198, 604, 198, 604, 198, 604, 198, 604, 198, 604, 198, 604, 198, 604, 198, 604, 198, 604, 198, 604, 198, 604, 198, 604, 198, 604, 197, 604, 197, 604, 197, 604, 197, 604, 197, 604, 197, 604, 198, 604, 198, 603, 199, 603, 199, 604, 202, 604, 207, 603, 209, 603, 214, 603, 218, 603, 226, 603, 235, 603, 240, 603, 253, 604, 266, 604, 273, 604, 287, 604, 294, 604, 307, 604, 314, 603, 329, 603, 345, 604, 353, 603, 370, 604, 378, 604, 393, 604, 399, 604, 410, 604, 413, 603, 417, 604, 419, 604, 421, 604, 426, 604, 429, 604, 433, 604, 435, 604, 436, 604, 437, 604, 437, 604, 
0, 398, 604, 380, 604, 370, 604, 349, 604, 329, 603, 311, 603, 293, 602, 279, 602, 264, 603, 252, 603, 246, 602, 237, 603, 230, 604, 224, 603, 218, 603, 212, 602, 210, 602, 206, 602, 203, 603, 201, 603, 201, 603, 201, 603, 200, 603, 199, 602, 199, 602, 199, 603, 199, 605, 199, 604, 199, 603, 198, 603, 198, 603, 198, 603, 198, 603, 198, 603, 198, 603, 198, 603, 198, 603, 198, 603, 198, 603, 198, 603, 198, 603, 198, 603, 198, 603, 198, 603, 198, 603, 198, 603, 198, 603, 198, 603, 198, 603, 198, 602, 198, 603, 198, 603, 198, 603, 198, 603, 198, 602, 198, 602, 198, 603, 198, 602, 198, 603, 198, 602, 
0, 198, 602, 198, 603, 198, 603, 198, 603, 198, 602, 198, 602, 198, 602, 198, 602, 198, 602, 198, 603, 198, 602, 198, 602, 198, 602, 198, 602, 198, 602, 198, 602, 198, 602, 198, 602, 198, 602, 198, 602, 198, 602, 198, 602, 198, 602, 198, 602, 198, 602, 198, 602, 198, 602, 198, 602, 198, 602, 198, 602, 198, 602, 198, 602, 198, 602, 199, 602, 199, 602, 199, 602, 199, 603, 199, 603, 199, 602, 199, 603, 199, 603, 199, 603, 199, 602, 199, 603, 199, 603, 199, 602, 199, 602, 199, 602, 199, 602, 199, 602, 199, 602, 199, 602, 199, 602, 199, 602, 199, 602, 199, 602, 199, 602, 199, 602, 199, 603, 199, 602, 
0, 199, 602, 199, 602, 199, 602, 199, 602, 199, 602, 199, 602, 199, 602, 199, 602, 199, 601, 199, 601, 199, 602, 199, 602, 199, 602, 199, 601, 199, 602, 199, 602, 199, 602, 199, 602, 199, 601, 199, 602, 199, 602, 199, 601, 199, 601, 199, 601, 199, 601, 199, 601, 199, 601, 199, 601, 199, 601, 199, 601, 199, 601, 199, 601, 199, 601, 200, 601, 200, 601, 200, 601, 200, 602, 200, 601, 200, 601, 199, 601, 199, 601, 199, 601, 199, 601, 199, 601, 199, 601, 199, 601, 199, 601, 199, 601, 199, 601, 199, 601, 199, 601, 200, 601, 200, 601, 200, 601, 200, 601, 200, 601, 200, 601, 200, 601, 200, 601, 199, 601, 
1, 199, 601, 199, 601, 199, 601, 199, 601, 199, 601, 199, 601, 199, 601, 199, 601, 199, 602, 200, 602, 200, 602, 200, 601, 200, 601, 200, 601, 200, 601, 200, 601, 200, 601, 200, 602, 200, 601, 201, 601, 204, 601, 206, 601, 210, 601, 212, 601, 217, 601, 221, 601, 228, 601, 238, 601, 242, 601, 253, 601, 259, 601, 276, 601, 286, 601, 312, 600, 328, 601, 361, 601, 376, 601, 400, 601, 414, 601, 419, 601, 425, 601, 427, 601, 430, 600, 431, 601, 434, 601, 441, 601, 446, 601, 446, 601, 442, 601, 437, 601, 423, 601, 414, 601, 395, 601, 384, 601, 363, 601, 341, 601, 320, 601, 311, 601, 292, 601, 277, 601, 
0, 232, 601, 226, 601, 217, 600, 210, 601, 206, 600, 203, 600, 201, 600, 201, 600, 200, 601, 200, 601, 200, 601, 199, 600, 198, 600, 198, 600, 198, 601, 198, 601, 197, 600, 197, 601, 197, 600, 197, 600, 197, 600, 197, 600, 197, 600, 197, 600, 197, 600, 197, 600, 197, 600, 197, 600, 197, 600, 197, 600, 197, 600, 197, 600, 197, 600, 197, 600, 197, 600, 197, 600, 197, 600, 197, 600, 197, 600, 197, 600, 197, 600, 197, 600, 197, 600, 197, 600, 197, 600, 197, 600, 197, 600, 197, 600, 197, 600, 197, 600, 197, 600, 197, 600, 197, 600, 197, 600, 197, 600, 197, 600, 197, 600, 197, 600, 197, 600, 197, 600, 
0, 193, 599, 193, 599, 191, 599, 191, 599, 191, 599, 191, 599, 191, 599, 191, 599, 191, 599, 191, 599, 191, 599, 191, 599, 192, 599, 192, 599, 192, 599, 192, 599, 193, 601, 193, 604, 193, 603, 193, 603, 194, 602, 194, 602, 194, 601, 194, 601, 195, 601, 195, 601, 195, 602, 195, 601, 195, 601, 194, 601, 193, 601, 193, 601, 191, 601, 190, 603, 189, 603, 187, 605, 183, 631, 178, 670, 165, 664, 166, 645, 163, 665, 140, 689, 116, 725, 112, 712, 118, 683, 123, 685, 128, 695, 122, 692, 104, 692, 77, 701, 64, 698, 42, 696, 33, 688, 11, 680, -8, 657, -17, 653, -31, 645, -36, 660, -44, 696, -51, 666, 
0, -55, 648, -51, 653, -49, 654, -45, 649, -41, 624, -36, 583, -34, 573, -34, 557, -37, 543, -44, 513, -46, 495, -51, 438, -52, 422, -55, 415, -56, 456, -57, 520, -57, 552, -56, 523, -54, 542, -48, 570, -37, 548, -36, 541, -36, 537, -38, 526, -39, 522, -41, 527, -49, 524, -58, 534, -63, 541, -71, 556, -72, 571, -72, 589, -74, 602, -77, 625, -84, 606, -85, 607, -84, 654, -83, 663, -77, 656, -75, 651, -75, 649, -80, 671, -83, 678, -86, 672, -86, 673, -83, 679, -81, 685, -75, 692, -64, 694, -59, 700, -52, 696, -49, 697, -45, 698, -42, 696, -41, 699, -39, 701, -38, 703, -36, 696, -34, 691, -31, 690, 
0, -19, 696, -18, 697, -16, 689, -12, 687, -11, 686, -8, 687, -6, 694, -5, 694, -4, 708, -5, 717, -6, 721, -8, 727, -10, 730, -9, 722, -8, 725, -8, 718, -6, 710, -3, 707, -3, 706, -1, 707, 0, 708, 4, 685, 9, 680, 12, 682, 14, 686, 17, 684, 20, 692, 20, 700, 19, 701, 17, 699, 14, 688, 11, 686, 8, 713, 0, 733, -8, 734, -14, 736, -16, 738, -16, 735, -16, 733, -14, 737, -12, 739, -7, 741, -3, 746, 2, 745, 5, 750, 9, 746, 10, 749, 9, 746, 6, 745, 4, 750, 2, 749, 4, 749, 9, 753, 13, 750, 15, 748, 16, 745, 16, 743, 15, 737, 11, 738, 10, 733, 
0, 3, 693, 1, 682, 1, 660, 3, 607, 3, 591, 5, 587, 8, 576, 10, 557, 13, 560, 16, 573, 17, 588, 19, 600, 23, 606, 29, 614, 32, 619, 36, 630, 49, 639, 64, 647, 68, 657, 67, 659, 62, 652, 47, 651, 41, 645, 33, 627, 30, 630, 25, 628, 23, 630, 21, 570, 25, 519, 27, 516, 31, 507, 33, 500, 35, 488, 36, 482, 38, 464, 38, 447, 33, 430, 29, 428, 25, 424, 20, 425, 18, 428, 16, 424, 15, 422, 13, 422, 13, 423, 12, 424, 12, 427, 12, 434, 13, 451, 14, 459, 20, 478, 24, 488, 35, 494, 40, 492, 48, 494, 52, 488, 53, 483, 53, 481, 53, 478, 52, 477, 
